-4.147817171614497056e+01,-4.150062735669750680e+01,-4.152209596843758277e+01,-4.146562550130279590e+01,-4.147107607501575899e+01,-4.143360621852754377e+01,-4.144551773628434432e+01,-4.140558021823237311e+01,-4.140182127802846423e+01,-4.142604298070797597e+01,-4.147380392928045012e+01,-4.144497582908195454e+01,-4.063656976814945665e+01,-4.149568823066468326e+01,-4.149239830777287352e+01,-4.146671498241533982e+01,-4.145909391609896488e+01,-4.146889476491264759e+01,-4.145691904600312228e+01,-4.144714472495030577e+01,-4.144877232336017414e+01
-4.143631063147756777e+01,-4.142010935738736066e+01,-4.143090348860560823e+01,-4.143847520312465349e+01,-4.145528839216741801e+01,-4.143793374421137798e+01,-4.143793374421137798e+01,-4.143576944234932569e+01,-4.147871821537763992e+01,-4.147325804805379335e+01,-4.147380392928045012e+01,-4.148363806856576730e+01,-4.149239830777287352e+01,-4.147216692450200526e+01,-4.141957061115830641e+01,-4.146453629343143632e+01,-4.141041786589063634e+01,-4.147762571932069875e+01,-4.140396872364331671e+01,-4.146072599969689065e+01,-4.147107607501575899e+01
-4.149020669953594620e+01,-4.147053053653428378e+01,-4.143901629974338618e+01,-4.146290277756182263e+01,-4.142118747843157678e+01,-4.150722175356294485e+01,-4.146508064702206298e+01,-4.155755779327873256e+01,-4.149788260752781355e+01,-4.150007809371292922e+01,-4.141741501128144876e+01,-4.146726004178690062e+01,-4.146616999144265492e+01,-4.143252501054627146e+01,-4.144172408477759006e+01,-4.144768733353791390e+01,-4.149513959194909773e+01,-4.148199735346396722e+01,-4.143468769575052590e+01,-4.143414670881145412e+01,-4.150832172106706253e+01
-4.142604298070797597e+01,-4.141472233570105743e+01,-4.146834993307267325e+01,-4.143414670881145412e+01,-4.144280801583414586e+01,-4.146072599969689065e+01,-4.146344735866422582e+01,-4.146072599969689065e+01,-4.144389178719804079e+01,-4.149294660027291570e+01,-4.144280801583414586e+01,-4.146235826473831310e+01,-4.148582636370296939e+01,-4.146399157577411643e+01,-4.148911131001503350e+01,-4.146344735866422582e+01,-4.147653306448046351e+01,-4.151602974168534388e+01,-4.147926434957688002e+01,-4.152651261945348438e+01,-4.147981098632823205e+01
-4.144226601648934150e+01,-4.147271223543239671e+01,-4.141095547783875475e+01,-4.140396872364331671e+01,-4.138414376569465958e+01,-4.141095547783875475e+01,-4.140343154953254157e+01,-4.143901629974338618e+01,-4.142280537609286739e+01,-4.146453629343143632e+01,-4.143685145845816464e+01,-4.141579954761716920e+01,-4.134423423618135018e+01,-4.138307480038943709e+01,-4.138681754298296767e+01,-4.137026685145190186e+01,-4.145420177342975876e+01,-4.142280537609286739e+01,-4.142712257594362768e+01,-4.145691904600312228e+01,-4.143144364261178225e+01
-4.144660261470893658e+01,-4.142982295319576735e+01,-4.145148619992326644e+01,-4.139913825042428641e+01,-4.140235782679420140e+01,-4.145963758791546638e+01,-4.141472233570105743e+01,-4.136015398079302940e+01,-4.142226629533718096e+01,-4.138467855926370476e+01,-4.136866882762600994e+01,-4.144118265070608231e+01,-4.146399157577411643e+01,-4.146562550130279590e+01,-4.138521341869576986e+01,-4.140021117737119027e+01,-4.143522832065210082e+01,-4.137079993882950646e+01,-4.143685145845816464e+01,-4.146944009794266606e+01,-4.142820243961824644e+01
-4.145094311652640329e+01,-4.145474483312960956e+01,-4.146998506657193673e+01,-4.146616999144265492e+01,-4.145963758791546638e+01,-4.145746244560950799e+01,-4.144497582908195454e+01,-5.937898614324679158e+01,-1.506423858751093690e+02,nan,nan,nan,nan,nan,nan,-5.921768614044097490e+01,3.974088303447496173e+02,-2.411432215957653398e+02,nan,-6.022278338190824343e+01,-1.028120577537723790e+01
-1.289078792291252995e+01,-7.620900697015754588e+01,2.225312221721506205e+02,-3.308602850602106855e+02,nan,3.726437508565329040e+02,nan,nan,-3.406480757720018460e+01,nan,nan,1.014623359188714602e+00,2.983693966857094537e+01,-1.794753196793279670e+01,-5.775313780386960616e+01,9.079424428099216016e+01,nan,-1.446047592189280522e+02,3.562300182426865831e+02,nan,1.273678073753524131e+02
1.207465015445306875e+02,-3.241771861206194103e+02,nan,nan,nan,1.923041636639067633e+02,1.758169553175047781e+02,nan,nan,nan,3.681918039065373591e+02,nan,nan,1.561985053384310618e+02,-2.286685289327196529e+02,nan,nan,nan,3.206250309559647462e+02,nan,1.637000337760172215e+02
nan,-1.551443270959522636e+02,3.747163043906658686e+02,nan,nan,-1.133767749931241440e+02,2.240315121004395849e+02,2.345549147896573743e+02,nan,-2.221312660840528110e+02,4.151199630868829900e+02,-3.480003313003082894e+02,nan,nan,nan,1.695651105641847209e+02,nan,7.941163499010247051e+01,nan,nan,nan
-1.206341127691175075e+00,-2.115705850611401218e+02,nan,nan,-3.015127364594613368e+02,nan,-2.705315666061533761e+02,nan,1.862474575492161364e+02,9.137576938746546773e+01,nan,3.492440310385125599e+02,5.372113384617833276e+01,-3.071779836203796208e+02,nan,nan,2.038909165180457705e+02,-2.531844214223245899e+02,nan,nan,nan
-7.738635085050430007e+01,nan,nan,2.644236553888232493e+02,nan,nan,-2.650680392940733441e+02,nan,-2.586757711319020814e+02,-1.103613002170718005e-01,1.757156967723562673e+02,nan,nan,nan,-1.010562166365326391e+02,-6.551054678553271060e+01,-1.259473525970743140e+02,nan,nan,nan,nan
3.610915129936884682e+02,5.530369850676378718e+01,3.556709076784080708e+02,4.241690956312605465e+01,2.885976560749697342e+02,nan,-2.292655375001058928e+02,2.466657239453571719e+02,nan,-4.154201736875623396e+01,1.817872210650200486e+02,3.969320456159897503e+02,3.068544250638094582e+02,3.921108813545856719e+02,nan,nan,-2.054307568358396168e+02,nan,nan,6.688608938163446282e+01,-4.853784844580459890e+01
-3.011916387737510945e+02,nan,nan,nan,nan,2.644421308109651818e+02,nan,nan,nan,nan,nan,nan,3.976323044466238343e+02,nan,3.252907353503061358e+02,3.071648633491669216e+02,nan,nan,-2.342301548512663203e+02,nan,1.860622817369063000e+02
nan,nan,-3.431909793060505081e+02,2.473298420262623836e+02,-2.349822691170127200e+02,nan,2.889720115883099538e+02,nan,nan,nan,1.864424267982169567e+02,nan,-4.225456069317444019e+01,3.739932468838798627e+02,-2.766748858406940030e+02,nan,-2.999116963767340280e+02,nan,nan,2.524376476972788055e+02,1.447044230578327131e+02
1.322570275787003311e+02,nan,nan,4.923606829440529964e-02,nan,nan,4.150663604552528341e+02,-9.006751794793002830e+01,-2.893981018949314148e+02,-3.071950773803497441e+02,nan,nan,-2.285100865344570593e+02,-1.013618855333983504e+02,nan,nan,nan,-1.511484415987943635e+02,1.042192811195776301e+02,2.104900223455913704e+02,nan
nan,4.031666564880765122e+02,nan,-1.446732704178184008e+02,9.088224046583339089e+01,nan,nan,nan,-1.452052007068593014e+02,-3.114458309655333323e+02,-9.081029384944633875e+01,nan,1.975600724789017022e+02,7.255091558503139026e+01,2.939535182888719191e+02,1.758913793743300573e+02,nan,nan,nan,nan,nan
3.121196874363781717e+02,-1.570368928955221861e+02,nan,-6.595388887590716820e+01,-4.750530897067838509e+01,3.106484182681288431e+01,nan,nan,nan,2.333239440569419898e+01,nan,nan,nan,4.659360911692635909e+01,nan,nan,nan,nan,nan,-1.870479033691778170e+02,2.472400259358942662e+02
nan,nan,2.529794641296502959e+02,2.464715473048969443e+02,1.264489495402167734e+02,1.977897276260681281e+02,nan,2.162029535022515176e+02,nan,-9.309318160665895903e-01,nan,nan,nan,nan,1.273410099761277223e+02,nan,3.429953225578311731e+02,3.187367618427788898e+02,nan,1.452939353744763196e+02,1.449199729653012980e+02
nan,nan,-4.313715471477517838e+01,nan,nan,nan,-2.821411829345928481e+02,nan,nan,1.014804168881998407e+02,nan,2.698921941380608587e+02,-3.252227566173167475e+02,-2.419276095333556498e+01,nan,nan,1.091148577937489677e+02,2.110247135904627385e+02,3.623786725158382183e+01,nan,1.855827198498386963e+02
nan,-6.663590510358532981e+01,nan,2.232474423731438833e+02,nan,nan,nan,nan,-2.703248140733819582e+02,nan,3.026780902673476703e+02,-3.011978381551011807e+01,-1.204958219683755942e+02,-8.979422250457770360e+01,nan,-1.026872909325927594e+02,-1.634057857549031212e+02,nan,-2.653157022418129145e+02,nan,nan
