-3.913674660846213271e+01,-3.748337571817626213e+01,-3.700625312813338041e+01,-3.708919426832493116e+01,-3.848404510290198743e+01,-3.739263610507093460e+01,-3.641218633746267130e+01,-3.483717249909000202e+01,-3.430978936779689548e+01,-3.418998727673847782e+01,-3.380004930062387558e+01,-3.288322734576745887e+01,-3.255432313396555344e+01,-3.306170463420905037e+01,-3.333510847786874365e+01,-3.401120540361111466e+01,-3.481231553729294603e+01,-3.581102888764223735e+01,-3.698584192827610195e+01,-3.869105721719000712e+01,-4.015235305182491743e+01
-4.015235305182491743e+01,-3.872131813325907501e+01,-3.725998536353264967e+01,-3.665145494802139581e+01,-3.513369537612143745e+01,-3.427675619385298944e+01,-3.353361056152874653e+01,-3.271185513291606384e+01,-3.210006605672152347e+01,-3.170698150181504360e+01,-3.130213271605620662e+01,-3.122549404263708794e+01,-3.116090455272505721e+01,-3.192449838678211194e+01,-3.241655921523754103e+01,-3.321339203292665587e+01,-3.383949320197267241e+01,-3.471437998080554621e+01,-3.495087313690876840e+01,-3.615151520506498173e+01,-3.743776893164890396e+01
-3.875202844664029556e+01,-3.769465609416224083e+01,-3.648443508026765869e+01,-3.546639619406418831e+01,-3.417930340644967657e+01,-3.323054080099829122e+01,-3.196286051798257688e+01,-3.158152479203032215e+01,-3.115554115403266877e+01,-3.085147161319997622e+01,-3.041610401715737311e+01,-3.021804736873023245e+01,-3.023529267645889718e+01,-3.038916645324764687e+01,-3.069023351072069516e+01,-3.135214590575056093e+01,-3.206042742477895047e+01,-3.306996211275411213e+01,-3.394980904747689721e+01,-3.516046742988395124e+01,-3.648443508026765869e+01
-3.875202844664029556e+01,-3.579539960610564719e+01,-3.451308807304224047e+01,-3.327383868306615256e+01,-3.247398925017257199e+01,-3.169487365680257085e+01,-3.093186584596011102e+01,-3.057664167838759539e+01,-2.996729792098592071e+01,-2.956055539564197687e+01,-2.933713718160394279e+01,-2.916164429471226782e+01,-2.922277335082605276e+01,-2.947633123512961362e+01,-2.981961351793411552e+01,-3.039812708925146012e+01,-3.123094458509402216e+01,-3.202764417320864965e+01,-3.290716840221131179e+01,-3.387929863043046907e+01,-3.517396760496862385e+01
-3.700625312813338041e+01,-3.513369537612143745e+01,-3.358936006968769306e+01,-3.276564181328748759e+01,-3.151719364611167862e+01,-3.082666969745772434e+01,-3.029619630475085046e+01,-2.969960857684882427e+01,-2.902223586439799163e+01,-2.857855340477406969e+01,-2.841076826903913854e+01,-2.827115565375030570e+01,-2.831256593034275681e+01,-2.862002588218500421e+01,-2.892849516783499553e+01,-2.945827459392862835e+01,-3.018373173900929629e+01,-3.095727763884912775e+01,-3.207360014439250051e+01,-3.319627386629235133e+01,-3.465416931023719371e+01
-3.543767667994455906e+01,-3.361746916713581612e+01,-3.231075517505311012e+01,-3.120388509963557766e+01,-3.039812708925146012e+01,-2.968054270397689720e+01,-2.907477619141353387e+01,-2.858151565177495002e+01,-2.818408953097438285e+01,-2.790004124526262075e+01,-2.751404449274829744e+01,-2.753255267455141109e+01,-2.769072625979638502e+01,-2.795588929235136533e+01,-2.839943085351070806e+01,-2.899291816423350099e+01,-2.959398250677669751e+01,-3.038467579591073786e+01,-3.146529901295033937e+01,-3.261367450138826030e+01,-3.397017821128110171e+01
-3.486217254974405932e+01,-3.349683787530625523e+01,-3.204729453895609481e+01,-3.100859155659343713e+01,-3.023099158797141683e+01,-2.939013826836831100e+01,-2.866491788195514090e+01,-2.803584183195320634e+01,-2.765242435731774862e+01,-2.728478012186594981e+01,-2.703375661652162876e+01,-2.694378330979638747e+01,-2.704827310601834967e+01,-2.744988003213862271e+01,-2.781755486098892050e+01,-2.827391541409625120e+01,-2.897671011901198312e+01,-2.971490993330095876e+01,-3.066633303575145675e+01,-3.194363709493863013e+01,-3.311168073429942638e+01
-3.433192334209357455e+01,-3.269660067416423033e+01,-3.151141674850711638e+01,-3.042512046307041373e+01,-2.953475848348053034e+01,-2.878387541197599830e+01,-2.817602624758044527e+01,-2.755114006975161089e+01,-2.709205129149395930e+01,-2.669975969704075425e+01,-2.646872103711775281e+01,-2.648692061176393509e+01,-2.669975969704075425e+01,-2.705032339114970341e+01,-2.751868199489280187e+01,-2.792532703654127602e+01,-2.866194465843348382e+01,-2.944740975773171954e+01,-3.050708656817198516e+01,-3.168880906011193588e+01,-3.282016348604835088e+01
-3.445567461252278463e+01,-3.315373867708787259e+01,-3.168880906011193588e+01,-3.056730544910869440e+01,-2.961267132475042985e+01,-2.885558333925950336e+01,-2.806719463443103280e+01,-2.739115315144479723e+01,-2.670549780930812034e+01,-2.634004058481427535e+01,-2.609682277002476525e+01,-2.606365916110526371e+01,-2.619454406897077803e+01,-2.647236607597683644e+01,-2.694784989113992424e+01,-2.758384255589483303e+01,-2.819216781283075335e+01,-2.890937773875853622e+01,-2.979217573218859627e+01,-3.131875413708991118e+01,-3.223481745390949982e+01
-3.447856672123842259e+01,-3.268896414509902115e+01,-3.129110118443805533e+01,-3.003691208905884480e+01,-2.913473807704990293e+01,-2.831535213953098662e+01,-2.754880330502938079e+01,-2.679261267230791077e+01,-2.630843050345873735e+01,-2.601269284026909645e+01,-2.586811711098218325e+01,-2.592857748047956079e+01,-2.608187549068869515e+01,-2.649058096405084939e+01,-2.692761725655674354e+01,-2.744988003213862271e+01,-2.816797790705862781e+01,-2.905500536169591896e+01,-3.009084895707329110e+01,-3.105527810735790695e+01,-3.233173239972363433e+01
-3.430978936779689548e+01,-3.306996211275411213e+01,-3.179269496655760463e+01,-3.057195303136885656e+01,-2.947997401622320268e+01,-2.857559317689313616e+01,-2.762154175071125906e+01,-2.669786837344187802e+01,-2.632071103748057794e+01,-2.597205610147010901e+01,-2.586494534648971921e+01,-2.588077842704735332e+01,-2.612526671040812687e+01,-2.635945654872274702e+01,-2.674402650083922595e+01,-2.742493840479711054e+01,-2.789244911691177720e+01,-2.856086760031892169e+01,-2.953475848348053034e+01,-3.060005229892012579e+01,-3.189907798385686988e+01
-3.401120540361111466e+01,-3.287531707511924850e+01,-3.191810475027981653e+01,-3.029619630475085046e+01,-2.926402714316265019e+01,-2.816259302323046398e+01,-2.739115315144479723e+01,-2.679654007507953395e+01,-2.628230813931922683e+01,-2.599642265470488667e+01,-2.593021123889017332e+01,-2.600946418053047893e+01,-2.626842235016155058e+01,-2.659763387538536961e+01,-2.685367579670951699e+01,-2.768349107055203717e+01,-2.829042563880277328e+01,-2.892212977243662664e+01,-2.954578741335815550e+01,-3.106572589486744818e+01,-3.231075517505311012e+01
-3.472646664268560812e+01,-3.370297894686063955e+01,-3.257645635912004423e+01,-3.099311376092094861e+01,-2.995514646620702592e+01,-2.892212977243662664e+01,-2.791772974170488908e+01,-2.721310010948528912e+01,-2.665787124415736997e+01,-2.632071103748057794e+01,-2.615212596450321314e+01,-2.614374384665985929e+01,-2.640390423188740243e+01,-2.664652751085927207e+01,-2.711722977875889740e+01,-2.767389985415938014e+01,-2.823013650053130874e+01,-2.897995688631868916e+01,-2.988282015262360147e+01,-3.091162733773168725e+01,-3.235275712110570367e+01
-3.495087313690876840e+01,-3.362692800097954660e+01,-3.208017601029426658e+01,-3.090154334155788263e+01,-2.976108033540679543e+01,-2.894774672253645065e+01,-2.835437486100485671e+01,-2.760738438966590280e+01,-2.690351142789529604e+01,-2.653457679379009448e+01,-2.642360847348366804e+01,-2.643800025193123560e+01,-2.692562407663240265e+01,-2.731331687325204882e+01,-2.782252824451261120e+01,-2.856677001430558249e+01,-2.883364198277028834e+01,-2.972255123205841443e+01,-3.089148270544636432e+01,-3.206698336039827524e+01,-3.313685357949556476e+01
-3.628864014949381556e+01,-3.528308027896932231e+01,-3.382963675053611041e+01,-3.246678973781144606e+01,-3.101892749912856573e+01,-2.974567533446610668e+01,-2.885874077136023885e+01,-2.823830097070722189e+01,-2.771000463441620809e+01,-2.734649970690448839e+01,-2.690549448277482725e+01,-2.704411144185740312e+01,-2.725421258158478111e+01,-2.766672954934546169e+01,-2.822198735026312022e+01,-2.886817816475129916e+01,-2.945102835054973411e+01,-3.017951432023242830e+01,-3.103445763382853784e+01,-3.239516925105169776e+01,-3.346037393922443215e+01
-3.665145494802139581e+01,-3.516046742988395124e+01,-3.378046088199702268e+01,-3.258389743032482500e+01,-3.116090455272505721e+01,-3.049332947059450305e+01,-2.939370943567454475e+01,-2.873165132300083258e+01,-2.828216268075473749e+01,-2.776590202058457635e+01,-2.773176747612161819e+01,-2.771967600832126521e+01,-2.779041658051910701e+01,-2.831809723152196767e+01,-2.903203572017779521e+01,-2.977276001598007582e+01,-3.046137461245383093e+01,-3.119310001940529986e+01,-3.184867924701255504e+01,-3.288322734576745887e+01,-3.496363721767126265e+01
-3.875202844664029556e+01,-3.721665379676184671e+01,-3.482477422107618281e+01,-3.392953497276991470e+01,-3.246678973781144606e+01,-3.173737605362973824e+01,-3.066633303575145675e+01,-2.989082457494922096e+01,-2.885558333925950336e+01,-2.854036241179072420e+01,-2.853742809268755565e+01,-2.851415929944580085e+01,-2.875611844709428766e+01,-2.922277335082605276e+01,-2.992690388269697621e+01,-3.073847016660078424e+01,-3.117695173422244892e+01,-3.181126033753632498e+01,-3.263611306708051529e+01,-3.394980904747689721e+01,-3.531079223138129919e+01
-3.948588355715909870e+01,-3.759944217381817566e+01,-3.562778315375156524e+01,-3.403186526291689518e+01,-3.359868544617654607e+01,-3.207360014439250051e+01,-3.106051902885467797e+01,-3.030934198140986524e+01,-2.994302891606302097e+01,-2.969960857684882427e+01,-2.944023716000500457e+01,-2.961267132475042985e+01,-2.990681595750104549e+01,-3.053015995211581668e+01,-3.117695173422244892e+01,-3.195001895012526916e+01,-3.257645635912004423e+01,-3.386935152788777259e+01,-3.496363721767126265e+01,-3.616835191640564062e+01,-3.704752570100373532e+01
-3.998605088991324408e+01,-3.848404510290198743e+01,-3.762295927153336095e+01,-3.646632993065047401e+01,-3.400095190807346057e+01,-3.304517292142536178e+01,-3.228297786775819134e+01,-3.179885867131100952e+01,-3.136891690997223492e+01,-3.100859155659343713e+01,-3.067588483181978631e+01,-3.067108786806555543e+01,-3.099828015457479324e+01,-3.170698150181504360e+01,-3.235275712110570367e+01,-3.301229709375454036e+01,-3.363633448281829885e+01,-3.488731734617699942e+01,-3.561291357018028236e+01,-3.635884608233216397e+01,-3.759944217381817566e+01
-4.109534099531407492e+01,-3.930795714752920844e+01,-3.786637815454984946e+01,-3.680557636880665484e+01,-3.558321198235093163e+01,-3.450158013631369158e+01,-3.377073735100054819e+01,-3.295538772047699894e+01,-3.243085950955467922e+01,-3.214001808835437402e+01,-3.180503113630885537e+01,-3.196286051798257688e+01,-3.248848022186091100e+01,-3.346942613852782955e+01,-3.428776762832828240e+01,-3.489999337464668372e+01,-3.548077167480666105e+01,-3.635884608233216397e+01,-3.684497674806706868e+01,-3.807143996643736727e+01,-3.982618627206532835e+01
-4.244289555651825196e+01,-4.114811674323890145e+01,-3.986552754318337577e+01,-3.887660054873370541e+01,-3.825906648387606879e+01,-3.680557636880665484e+01,-3.585801355989742945e+01,-3.502832819812547882e+01,-3.437653261246585146e+01,-3.379028186294971192e+01,-3.337946692763543410e+01,-3.329126594568725750e+01,-3.368382254415088539e+01,-3.446706139063279295e+01,-3.535264037015741678e+01,-3.628864014949381556e+01,-3.682530793987008622e+01,-3.771869591507608277e+01,-3.848404510290198743e+01,-3.963378301219778166e+01,-4.125605405517360680e+01
