nan,-5.245454970473690537e+01,-5.245454970473690537e+01,-5.245454970473690537e+01,-5.245454970473690537e+01,-4.627293133429364502e+01,nan,-5.245454970473690537e+01,nan,-5.245454970473690537e+01,nan,nan,nan,nan,-4.627293133429364502e+01,nan,nan,-5.245454970473690537e+01,nan,-5.245454970473690537e+01,nan
nan,-4.627293133429364502e+01,nan,-4.382078424134832062e+01,nan,-5.245454970473690537e+01,-5.245454970473690537e+01,-5.245454970473690537e+01,-5.245454970473690537e+01,-5.245454970473690537e+01,nan,-5.245454970473690537e+01,nan,-5.245454970473690537e+01,-5.245454970473690537e+01,-5.245454970473690537e+01,nan,nan,nan,-4.627293133429364502e+01,-4.627293133429364502e+01
nan,-5.245454970473690537e+01,-5.245454970473690537e+01,-5.245454970473690537e+01,-5.245454970473690537e+01,nan,nan,-5.245454970473690537e+01,-5.245454970473690537e+01,nan,-4.627293133429364502e+01,-4.382078424134832062e+01,nan,nan,-4.382078424134832062e+01,nan,nan,-4.226257107571578331e+01,nan,nan,-4.627293133429364502e+01
-5.245454970473690537e+01,-4.627293133429364502e+01,nan,-5.245454970473690537e+01,-5.245454970473690537e+01,-4.627293133429364502e+01,-5.245454970473690537e+01,-5.245454970473690537e+01,nan,nan,-5.245454970473690537e+01,-4.627293133429364502e+01,nan,-5.245454970473690537e+01,nan,-5.245454970473690537e+01,nan,-4.382078424134832062e+01,nan,nan,-4.226257107571578331e+01
-4.627293133429364502e+01,-4.627293133429364502e+01,-5.245454970473690537e+01,-4.627293133429364502e+01,nan,nan,-5.245454970473690537e+01,nan,nan,nan,-4.627293133429364502e+01,-5.245454970473690537e+01,-4.627293133429364502e+01,-4.627293133429364502e+01,nan,nan,-4.627293133429364502e+01,-4.627293133429364502e+01,-4.382078424134832062e+01,nan,-5.245454970473690537e+01
-4.627293133429364502e+01,-5.245454970473690537e+01,-4.627293133429364502e+01,-5.245454970473690537e+01,-5.245454970473690537e+01,-4.627293133429364502e+01,-4.627293133429364502e+01,-5.245454970473690537e+01,-4.382078424134832062e+01,-4.627293133429364502e+01,-4.627293133429364502e+01,-4.627293133429364502e+01,nan,-5.245454970473690537e+01,-5.245454970473690537e+01,-5.245454970473690537e+01,-5.245454970473690537e+01,-5.245454970473690537e+01,nan,nan,nan
-4.382078424134832062e+01,-5.245454970473690537e+01,nan,-4.627293133429364502e+01,nan,-4.627293133429364502e+01,nan,-4.627293133429364502e+01,nan,-4.627293133429364502e+01,-4.382078424134832062e+01,nan,nan,nan,-4.382078424134832062e+01,-4.627293133429364502e+01,-4.627293133429364502e+01,-5.245454970473690537e+01,nan,-4.627293133429364502e+01,-4.382078424134832062e+01
nan,-4.627293133429364502e+01,-5.245454970473690537e+01,nan,-4.627293133429364502e+01,-4.226257107571578331e+01,nan,nan,-4.627293133429364502e+01,-4.627293133429364502e+01,nan,-4.382078424134832062e+01,nan,-4.627293133429364502e+01,nan,nan,-5.245454970473690537e+01,nan,-5.245454970473690537e+01,nan,nan
nan,nan,nan,nan,-4.226257107571578331e+01,nan,-4.382078424134832062e+01,-5.245454970473690537e+01,nan,-4.627293133429364502e+01,-5.245454970473690537e+01,nan,-5.245454970473690537e+01,nan,-5.245454970473690537e+01,-5.245454970473690537e+01,-5.245454970473690537e+01,-5.245454970473690537e+01,nan,nan,-4.627293133429364502e+01
nan,nan,-4.627293133429364502e+01,-5.245454970473690537e+01,-4.627293133429364502e+01,nan,-4.382078424134832062e+01,-5.245454970473690537e+01,-4.382078424134832062e+01,-5.245454970473690537e+01,-5.245454970473690537e+01,-4.627293133429364502e+01,-5.245454970473690537e+01,-5.245454970473690537e+01,-5.245454970473690537e+01,-5.245454970473690537e+01,nan,-5.245454970473690537e+01,nan,-3.152463880772146609e+01,-3.343632658030644222e+01
nan,nan,-5.245454970473690537e+01,nan,-4.627293133429364502e+01,-5.245454970473690537e+01,-4.627293133429364502e+01,nan,-4.382078424134832062e+01,-5.245454970473690537e+01,nan,-4.382078424134832062e+01,-5.245454970473690537e+01,-4.627293133429364502e+01,-5.245454970473690537e+01,nan,-4.627293133429364502e+01,-4.627293133429364502e+01,-5.245454970473690537e+01,-2.534018275193150771e+01,-2.831556653737094109e+01
-5.245454970473690537e+01,-5.245454970473690537e+01,nan,-4.382078424134832062e+01,-5.245454970473690537e+01,-5.245454970473690537e+01,-5.245454970473690537e+01,-4.627293133429364502e+01,nan,-4.627293133429364502e+01,nan,-5.245454970473690537e+01,-4.627293133429364502e+01,nan,-5.245454970473690537e+01,-5.245454970473690537e+01,-4.627293133429364502e+01,nan,-5.245454970473690537e+01,-3.484189121374596709e+01,-3.882687270557546810e+01
nan,nan,nan,-5.245454970473690537e+01,-4.627293133429364502e+01,nan,-5.245454970473690537e+01,nan,-5.245454970473690537e+01,-5.245454970473690537e+01,-5.245454970473690537e+01,-4.382078424134832062e+01,-4.627293133429364502e+01,nan,nan,nan,nan,-4.382078424134832062e+01,nan,-5.245454970473690537e+01,-4.627293133429364502e+01
-5.245454970473690537e+01,-5.245454970473690537e+01,-5.245454970473690537e+01,-5.245454970473690537e+01,nan,nan,nan,-5.245454970473690537e+01,-4.382078424134832062e+01,nan,nan,-5.245454970473690537e+01,-4.627293133429364502e+01,-4.382078424134832062e+01,nan,-5.245454970473690537e+01,nan,nan,-5.245454970473690537e+01,nan,-4.627293133429364502e+01
-5.245454970473690537e+01,-5.245454970473690537e+01,-5.245454970473690537e+01,nan,nan,-4.627293133429364502e+01,nan,-5.245454970473690537e+01,nan,-4.382078424134832062e+01,-5.245454970473690537e+01,-5.245454970473690537e+01,-5.245454970473690537e+01,-5.245454970473690537e+01,-5.245454970473690537e+01,nan,nan,-4.382078424134832062e+01,-5.245454970473690537e+01,-5.245454970473690537e+01,-4.627293133429364502e+01
nan,-4.627293133429364502e+01,nan,nan,-4.627293133429364502e+01,-5.245454970473690537e+01,-5.245454970473690537e+01,nan,nan,-5.245454970473690537e+01,nan,nan,nan,-5.245454970473690537e+01,-5.245454970473690537e+01,-5.245454970473690537e+01,-4.627293133429364502e+01,-4.382078424134832062e+01,-4.627293133429364502e+01,-4.627293133429364502e+01,-5.245454970473690537e+01
-5.245454970473690537e+01,nan,-4.627293133429364502e+01,-5.245454970473690537e+01,-5.245454970473690537e+01,-5.245454970473690537e+01,-5.245454970473690537e+01,nan,nan,-4.627293133429364502e+01,nan,-4.627293133429364502e+01,-5.245454970473690537e+01,nan,-4.627293133429364502e+01,-5.245454970473690537e+01,-4.627293133429364502e+01,-4.627293133429364502e+01,nan,-5.245454970473690537e+01,nan
-4.627293133429364502e+01,-4.627293133429364502e+01,nan,nan,-5.245454970473690537e+01,-5.245454970473690537e+01,-4.627293133429364502e+01,-4.627293133429364502e+01,-5.245454970473690537e+01,nan,nan,-4.111817266546961491e+01,nan,nan,-4.382078424134832062e+01,-5.245454970473690537e+01,-4.627293133429364502e+01,-4.627293133429364502e+01,-4.627293133429364502e+01,nan,nan
-5.245454970473690537e+01,-5.245454970473690537e+01,-4.627293133429364502e+01,-5.245454970473690537e+01,-5.245454970473690537e+01,nan,-5.245454970473690537e+01,-5.245454970473690537e+01,-4.627293133429364502e+01,-4.627293133429364502e+01,nan,nan,nan,nan,nan,-4.627293133429364502e+01,nan,-4.627293133429364502e+01,-4.382078424134832062e+01,-4.627293133429364502e+01,-5.245454970473690537e+01
-4.627293133429364502e+01,-5.245454970473690537e+01,nan,-5.245454970473690537e+01,-4.382078424134832062e+01,-4.627293133429364502e+01,-5.245454970473690537e+01,-4.627293133429364502e+01,nan,nan,-5.245454970473690537e+01,nan,nan,-5.245454970473690537e+01,-5.245454970473690537e+01,nan,-5.245454970473690537e+01,-4.627293133429364502e+01,-4.627293133429364502e+01,nan,nan
-4.627293133429364502e+01,nan,-5.245454970473690537e+01,nan,-4.627293133429364502e+01,-4.627293133429364502e+01,-5.245454970473690537e+01,nan,-5.245454970473690537e+01,-4.627293133429364502e+01,nan,nan,-5.245454970473690537e+01,-4.627293133429364502e+01,-4.627293133429364502e+01,-4.382078424134832062e+01,-4.382078424134832062e+01,-5.245454970473690537e+01,-5.245454970473690537e+01,nan,-5.245454970473690537e+01
