-4.239381632415454249e+01,-4.229086030676022290e+01,-4.257007470297234875e+01,-4.239381632415454249e+01,-4.235940708610856120e+01,-4.239381632415454249e+01,-4.271642014728784886e+01,-4.239381632415454249e+01,-4.209298822495517811e+01,-4.249871066768626804e+01,-4.242850036600188446e+01,-4.199734718919702914e+01,-4.225725408743885225e+01,-4.202899408550324267e+01,-4.314697226170771671e+01,-4.184199917033348015e+01,-4.242850036600188446e+01,-4.246346363636355647e+01,-4.253424610367653713e+01,-4.239381632415454249e+01,-4.249871066768626804e+01
-4.249871066768626804e+01,-4.212534241625020570e+01,-4.219078300217196897e+01,-4.298565479308264514e+01,-4.246346363636355647e+01,-4.190327726255780760e+01,-4.199734718919702914e+01,-4.260620134296738115e+01,-4.302542588710007010e+01,-4.271642014728784886e+01,-4.264263102379575798e+01,-4.222387682685710786e+01,-4.187253013962235570e+01,-4.209298822495517811e+01,-4.206087328552887072e+01,-4.222387682685710786e+01,-4.190327726255780760e+01,-4.219078300217196897e+01,-4.275379024219611779e+01,-4.242850036600188446e+01,-4.222387682685710786e+01
-4.193473693569906402e+01,-4.253424610367653713e+01,-4.193473693569906402e+01,-4.239381632415454249e+01,-4.215793945097415474e+01,-4.246346363636355647e+01,-4.242850036600188446e+01,-4.242850036600188446e+01,-4.246346363636355647e+01,-4.215793945097415474e+01,-4.222387682685710786e+01,-4.193473693569906402e+01,-4.225725408743885225e+01,-4.202899408550324267e+01,-4.222387682685710786e+01,-4.229086030676022290e+01,-4.222387682685710786e+01,-4.246346363636355647e+01,-4.267936887248529843e+01,-4.279208566192781404e+01,-4.206087328552887072e+01
-4.215793945097415474e+01,-4.193473693569906402e+01,-4.172197740211794326e+01,-4.242850036600188446e+01,-4.242850036600188446e+01,-4.235940708610856120e+01,-4.219078300217196897e+01,-4.215793945097415474e+01,-4.249871066768626804e+01,-4.257007470297234875e+01,-4.283011543100145957e+01,-4.232472860428099182e+01,-4.246346363636355647e+01,-4.232472860428099182e+01,-4.246346363636355647e+01,-4.225725408743885225e+01,-4.246346363636355647e+01,-4.229086030676022290e+01,-4.219078300217196897e+01,-4.239381632415454249e+01,-4.232472860428099182e+01
-4.242850036600188446e+01,-4.209298822495517811e+01,-4.249871066768626804e+01,-4.202899408550324267e+01,-4.264263102379575798e+01,-4.235940708610856120e+01,-4.235940708610856120e+01,-4.253424610367653713e+01,-4.253424610367653713e+01,-4.209298822495517811e+01,-4.246346363636355647e+01,-4.212534241625020570e+01,-4.242850036600188446e+01,-4.215793945097415474e+01,-4.190327726255780760e+01,-4.286848115856085428e+01,-4.212534241625020570e+01,-4.209298822495517811e+01,-4.257007470297234875e+01,-4.212534241625020570e+01,-4.275379024219611779e+01
-4.246346363636355647e+01,-4.242850036600188446e+01,-4.202899408550324267e+01,-4.206087328552887072e+01,-4.225725408743885225e+01,-4.187253013962235570e+01,-4.257007470297234875e+01,-4.215793945097415474e+01,-4.222387682685710786e+01,-4.169248316178376967e+01,-4.232472860428099182e+01,-4.239381632415454249e+01,-4.219078300217196897e+01,-4.219078300217196897e+01,-4.229086030676022290e+01,-4.212534241625020570e+01,-4.257007470297234875e+01,-4.253424610367653713e+01,-4.199734718919702914e+01,-4.242850036600188446e+01,-4.232472860428099182e+01
-4.202899408550324267e+01,-4.175167331709434393e+01,-4.196592923549363263e+01,-4.249871066768626804e+01,-4.199734718919702914e+01,-4.215793945097415474e+01,-4.253424610367653713e+01,-4.239381632415454249e+01,-4.260620134296738115e+01,-4.232472860428099182e+01,-4.246346363636355647e+01,-4.215793945097415474e+01,-4.190327726255780760e+01,-4.242850036600188446e+01,-4.196592923549363263e+01,-4.275379024219611779e+01,-4.209298822495517811e+01,-4.275379024219611779e+01,-4.232472860428099182e+01,-4.202899408550324267e+01,-4.294624460559101919e+01
-4.215793945097415474e+01,-4.215793945097415474e+01,-4.215793945097415474e+01,-4.209298822495517811e+01,-4.242850036600188446e+01,-4.206087328552887072e+01,-4.193473693569906402e+01,-4.271642014728784886e+01,-4.212534241625020570e+01,-4.206087328552887072e+01,-4.283011543100145957e+01,-4.193473693569906402e+01,-4.219078300217196897e+01,-4.271642014728784886e+01,-4.209298822495517811e+01,-4.279208566192781404e+01,-4.246346363636355647e+01,-4.239381632415454249e+01,-4.199734718919702914e+01,-4.232472860428099182e+01,-4.222387682685710786e+01
-4.235940708610856120e+01,-4.222387682685710786e+01,-4.264263102379575798e+01,-4.225725408743885225e+01,-4.190327726255780760e+01,-4.275379024219611779e+01,-4.199734718919702914e+01,-4.253424610367653713e+01,-4.249871066768626804e+01,-4.212534241625020570e+01,-4.239381632415454249e+01,-4.163408887649738688e+01,-4.190327726255780760e+01,-4.184199917033348015e+01,-4.178157368371944358e+01,-4.232472860428099182e+01,-4.196592923549363263e+01,-4.298565479308264514e+01,-4.184199917033348015e+01,-4.209298822495517811e+01,-4.184199917033348015e+01
-4.242850036600188446e+01,-4.242850036600188446e+01,-4.239381632415454249e+01,-4.257007470297234875e+01,-4.239381632415454249e+01,-4.229086030676022290e+01,-4.222387682685710786e+01,-4.199734718919702914e+01,-4.260620134296738115e+01,-3.860289357371594576e+01,-3.399412966864295527e+01,-3.714385346814655975e+01,-4.232472860428099182e+01,-4.219078300217196897e+01,-4.246346363636355647e+01,-4.172197740211794326e+01,-4.222387682685710786e+01,-4.193473693569906402e+01,-4.267936887248529843e+01,-4.187253013962235570e+01,-4.235940708610856120e+01
-4.279208566192781404e+01,-4.267936887248529843e+01,-4.267936887248529843e+01,-4.219078300217196897e+01,-4.206087328552887072e+01,-4.222387682685710786e+01,-4.235940708610856120e+01,-4.219078300217196897e+01,-4.215793945097415474e+01,-3.458223891197086175e+01,-2.851847058885270769e+01,-3.307791436083340386e+01,-4.193473693569906402e+01,-4.212534241625020570e+01,-4.225725408743885225e+01,-4.225725408743885225e+01,-4.193473693569906402e+01,-4.249871066768626804e+01,-4.242850036600188446e+01,-4.175167331709434393e+01,-4.239381632415454249e+01
-4.215793945097415474e+01,-4.222387682685710786e+01,-4.199734718919702914e+01,-4.229086030676022290e+01,-4.193473693569906402e+01,-4.242850036600188446e+01,-4.286848115856085428e+01,-4.264263102379575798e+01,-4.294624460559101919e+01,-3.885566973961657311e+01,-3.366217934542034129e+01,-3.894843022545204292e+01,-4.202899408550324267e+01,-4.283011543100145957e+01,-4.206087328552887072e+01,-4.249871066768626804e+01,-4.215793945097415474e+01,-4.202899408550324267e+01,-4.242850036600188446e+01,-4.257007470297234875e+01,-4.249871066768626804e+01
-4.219078300217196897e+01,-4.225725408743885225e+01,-4.242850036600188446e+01,-4.219078300217196897e+01,-4.209298822495517811e+01,-4.249871066768626804e+01,-4.242850036600188446e+01,-4.199734718919702914e+01,-4.222387682685710786e+01,-4.187253013962235570e+01,-4.178157368371944358e+01,-4.219078300217196897e+01,-4.199734718919702914e+01,-4.239381632415454249e+01,-4.225725408743885225e+01,-4.215793945097415474e+01,-4.246346363636355647e+01,-4.222387682685710786e+01,-4.215793945097415474e+01,-4.212534241625020570e+01,-4.322993513470535731e+01
-4.267936887248529843e+01,-4.246346363636355647e+01,-4.235940708610856120e+01,-4.178157368371944358e+01,-4.260620134296738115e+01,-4.225725408743885225e+01,-4.212534241625020570e+01,-4.246346363636355647e+01,-4.232472860428099182e+01,-4.219078300217196897e+01,-4.283011543100145957e+01,-4.196592923549363263e+01,-4.232472860428099182e+01,-4.246346363636355647e+01,-4.178157368371944358e+01,-4.196592923549363263e+01,-4.212534241625020570e+01,-4.253424610367653713e+01,-4.212534241625020570e+01,-4.215793945097415474e+01,-4.239381632415454249e+01
-4.253424610367653713e+01,-4.257007470297234875e+01,-4.249871066768626804e+01,-4.232472860428099182e+01,-4.249871066768626804e+01,-4.229086030676022290e+01,-4.222387682685710786e+01,-4.222387682685710786e+01,-4.225725408743885225e+01,-4.215793945097415474e+01,-4.098770673332586512e+01,-4.219078300217196897e+01,-4.235940708610856120e+01,-4.206087328552887072e+01,-4.206087328552887072e+01,-4.206087328552887072e+01,-4.257007470297234875e+01,-4.206087328552887072e+01,-4.246346363636355647e+01,-4.209298822495517811e+01,-4.242850036600188446e+01
-4.199734718919702914e+01,-4.235940708610856120e+01,-4.169248316178376967e+01,-4.206087328552887072e+01,-4.225725408743885225e+01,-4.271642014728784886e+01,-4.229086030676022290e+01,-4.246346363636355647e+01,-4.175167331709434393e+01,-4.166318787528282996e+01,-4.172197740211794326e+01,-4.146303156914936494e+01,-4.154749245518152634e+01,-4.232472860428099182e+01,-4.215793945097415474e+01,-4.246346363636355647e+01,-4.229086030676022290e+01,-4.169248316178376967e+01,-4.199734718919702914e+01,-4.184199917033348015e+01,-4.212534241625020570e+01
-4.199734718919702914e+01,-4.190327726255780760e+01,-4.235940708610856120e+01,-4.229086030676022290e+01,-4.215793945097415474e+01,-4.212534241625020570e+01,-4.187253013962235570e+01,-4.239381632415454249e+01,-4.260620134296738115e+01,-4.101277003357694184e+01,-4.135291298811389993e+01,-4.178157368371944358e+01,-4.257007470297234875e+01,-4.239381632415454249e+01,-4.196592923549363263e+01,-4.246346363636355647e+01,-4.253424610367653713e+01,-4.225725408743885225e+01,-4.199734718919702914e+01,-4.239381632415454249e+01,-4.206087328552887072e+01
-4.219078300217196897e+01,-4.202899408550324267e+01,-4.193473693569906402e+01,-4.246346363636355647e+01,-4.306556455892859958e+01,-4.209298822495517811e+01,-4.225725408743885225e+01,-4.202899408550324267e+01,-4.209298822495517811e+01,-4.193473693569906402e+01,-4.249871066768626804e+01,-4.215793945097415474e+01,-4.235940708610856120e+01,-4.225725408743885225e+01,-4.215793945097415474e+01,-4.225725408743885225e+01,-4.222387682685710786e+01,-4.232472860428099182e+01,-4.257007470297234875e+01,-4.229086030676022290e+01,-4.235940708610856120e+01
-4.232472860428099182e+01,-4.232472860428099182e+01,-4.225725408743885225e+01,-4.196592923549363263e+01,-4.249871066768626804e+01,-4.229086030676022290e+01,-4.235940708610856120e+01,-4.212534241625020570e+01,-4.232472860428099182e+01,-4.206087328552887072e+01,-4.206087328552887072e+01,-4.193473693569906402e+01,-4.225725408743885225e+01,-4.229086030676022290e+01,-4.219078300217196897e+01,-4.219078300217196897e+01,-4.215793945097415474e+01,-4.235940708610856120e+01,-4.229086030676022290e+01,-4.260620134296738115e+01,-4.219078300217196897e+01
-4.202899408550324267e+01,-4.290718883332662870e+01,-4.184199917033348015e+01,-4.196592923549363263e+01,-4.196592923549363263e+01,-4.172197740211794326e+01,-4.298565479308264514e+01,-4.235940708610856120e+01,-4.212534241625020570e+01,-3.755512551030386703e+01,-3.235933467462273683e+01,-3.511775207317204206e+01,-4.172197740211794326e+01,-4.257007470297234875e+01,-4.196592923549363263e+01,-4.249871066768626804e+01,-4.271642014728784886e+01,-4.212534241625020570e+01,-4.271642014728784886e+01,-4.271642014728784886e+01,-4.209298822495517811e+01
-4.232472860428099182e+01,-4.229086030676022290e+01,-4.209298822495517811e+01,-4.209298822495517811e+01,-4.249871066768626804e+01,-4.232472860428099182e+01,-4.246346363636355647e+01,-4.232472860428099182e+01,-4.129888335316914549e+01,-3.081361656552907391e+01,-2.437493049495196118e+01,-2.968712391443907705e+01,-4.119238387674394630e+01,-4.212534241625020570e+01,-4.222387682685710786e+01,-4.264263102379575798e+01,-4.196592923549363263e+01,-4.222387682685710786e+01,-4.219078300217196897e+01,-4.246346363636355647e+01,-4.199734718919702914e+01
