-5.048906594422832939e+01,-4.835992474773833294e+01,-5.005205658279736269e+01,-5.048906594422832939e+01,-4.835992474773833294e+01,-4.759162134184288107e+01,-4.693748407222111041e+01,-4.929664776068857179e+01,-4.527766189378789363e+01,-4.714531802034287011e+01,-4.693748407222111041e+01,-4.965794842392662645e+01,-4.783228125003515174e+01,-4.541839677644351525e+01,-5.286847272112147778e+01,-4.835992474773833294e+01,-4.835992474773833294e+01,-4.896062169149260512e+01,-4.865105372510340942e+01,-4.783228125003515174e+01,-4.896062169149260512e+01
-4.865105372510340942e+01,-5.151782971384953669e+01,-5.097106696191367803e+01,-4.637046797785978924e+01,-4.865105372510340942e+01,-4.808909810049976841e+01,-4.865105372510340942e+01,-4.637046797785978924e+01,-4.693748407222111041e+01,-4.655089479530269614e+01,-4.693748407222111041e+01,-4.759162134184288107e+01,-4.571315678480763722e+01,-4.865105372510340942e+01,-4.655089479530269614e+01,-4.759162134184288107e+01,-4.929664776068857179e+01,-4.808909810049976841e+01,-4.783228125003515174e+01,-4.808909810049976841e+01,-5.286847272112147778e+01
-4.714531802034287011e+01,-4.674063518287925945e+01,-4.783228125003515174e+01,-5.151782971384953669e+01,-4.783228125003515174e+01,-4.865105372510340942e+01,-5.005205658279736269e+01,-4.759162134184288107e+01,-5.151782971384953669e+01,-4.693748407222111041e+01,-5.213826987666293178e+01,-4.714531802034287011e+01,-4.835992474773833294e+01,-4.674063518287925945e+01,-4.896062169149260512e+01,-4.835992474773833294e+01,-4.808909810049976841e+01,-5.005205658279736269e+01,-4.835992474773833294e+01,-4.808909810049976841e+01,-4.602938860366484164e+01
-4.637046797785978924e+01,-4.655089479530269614e+01,-4.835992474773833294e+01,-5.005205658279736269e+01,-4.655089479530269614e+01,-4.736187840257355219e+01,-4.637046797785978924e+01,-4.674063518287925945e+01,-4.693748407222111041e+01,-4.808909810049976841e+01,-4.674063518287925945e+01,-4.759162134184288107e+01,-4.693748407222111041e+01,-5.005205658279736269e+01,-4.693748407222111041e+01,-4.693748407222111041e+01,-4.619592269017118724e+01,-4.929664776068857179e+01,-4.929664776068857179e+01,-4.865105372510340942e+01,-4.586778485105962488e+01
-4.783228125003515174e+01,-4.693748407222111041e+01,-4.586778485105962488e+01,-4.571315678480763722e+01,-4.736187840257355219e+01,-4.835992474773833294e+01,-4.759162134184288107e+01,-4.527766189378789363e+01,-3.661376428004926709e+01,-3.168880906011193588e+01,-3.794224459154918350e+01,-4.571315678480763722e+01,-4.602938860366484164e+01,-4.783228125003515174e+01,-4.693748407222111041e+01,-4.714531802034287011e+01,-4.896062169149260512e+01,-4.759162134184288107e+01,-4.896062169149260512e+01,-4.896062169149260512e+01,-4.637046797785978924e+01
-4.808909810049976841e+01,-4.637046797785978924e+01,-4.693748407222111041e+01,-4.736187840257355219e+01,-4.736187840257355219e+01,-4.637046797785978924e+01,-5.005205658279736269e+01,-4.586778485105962488e+01,-3.223481745390949982e+01,-2.675173752950875894e+01,-3.272716336140034343e+01,-4.759162134184288107e+01,-4.783228125003515174e+01,-5.854804710728706141e+01,-4.929664776068857179e+01,-4.835992474773833294e+01,-4.865105372510340942e+01,-4.929664776068857179e+01,-4.896062169149260512e+01,-4.714531802034287011e+01,-4.759162134184288107e+01
-5.151782971384953669e+01,-4.556270777420243689e+01,-5.048906594422832939e+01,-4.896062169149260512e+01,-4.693748407222111041e+01,-4.674063518287925945e+01,-4.736187840257355219e+01,-4.693748407222111041e+01,-3.820480583674294905e+01,-3.351518529821275649e+01,-4.088965096640654906e+01,-5.151782971384953669e+01,-4.556270777420243689e+01,-4.865105372510340942e+01,-5.286847272112147778e+01,-4.602938860366484164e+01,-4.736187840257355219e+01,-4.835992474773833294e+01,-4.783228125003515174e+01,-4.865105372510340942e+01,-4.808909810049976841e+01
-4.783228125003515174e+01,-4.835992474773833294e+01,-4.929664776068857179e+01,-4.674063518287925945e+01,-4.759162134184288107e+01,-4.783228125003515174e+01,-4.637046797785978924e+01,-4.896062169149260512e+01,-4.693748407222111041e+01,-4.929664776068857179e+01,-4.674063518287925945e+01,-4.835992474773833294e+01,-4.736187840257355219e+01,-4.808909810049976841e+01,-4.736187840257355219e+01,-4.965794842392662645e+01,-4.714531802034287011e+01,-4.759162134184288107e+01,-4.714531802034287011e+01,-4.965794842392662645e+01,-4.783228125003515174e+01
-4.693748407222111041e+01,-4.808909810049976841e+01,-4.783228125003515174e+01,-4.619592269017118724e+01,-4.655089479530269614e+01,-4.736187840257355219e+01,-5.005205658279736269e+01,-4.835992474773833294e+01,-4.693748407222111041e+01,-4.896062169149260512e+01,-4.835992474773833294e+01,-4.619592269017118724e+01,-4.674063518287925945e+01,-4.714531802034287011e+01,-4.835992474773833294e+01,-4.865105372510340942e+01,-4.637046797785978924e+01,-4.619592269017118724e+01,-4.808909810049976841e+01,-4.759162134184288107e+01,-4.808909810049976841e+01
-4.896062169149260512e+01,-4.865105372510340942e+01,-4.965794842392662645e+01,-4.808909810049976841e+01,-4.674063518287925945e+01,-4.808909810049976841e+01,-4.929664776068857179e+01,-5.483929976951300489e+01,-4.736187840257355219e+01,-4.602938860366484164e+01,-4.655089479530269614e+01,-4.965794842392662645e+01,-4.808909810049976841e+01,-4.929664776068857179e+01,-4.759162134184288107e+01,-4.783228125003515174e+01,-4.865105372510340942e+01,-4.835992474773833294e+01,-4.965794842392662645e+01,nan,-5.097106696191367803e+01
-5.005205658279736269e+01,-4.714531802034287011e+01,-4.835992474773833294e+01,-4.929664776068857179e+01,-4.759162134184288107e+01,-4.714531802034287011e+01,-4.619592269017118724e+01,-4.655089479530269614e+01,-4.965794842392662645e+01,-4.736187840257355219e+01,-4.929664776068857179e+01,-4.783228125003515174e+01,-4.736187840257355219e+01,-4.896062169149260512e+01,-4.736187840257355219e+01,-4.759162134184288107e+01,-4.714531802034287011e+01,-4.783228125003515174e+01,-4.965794842392662645e+01,-4.759162134184288107e+01,-4.783228125003515174e+01
-5.213826987666293178e+01,-4.865105372510340942e+01,-4.929664776068857179e+01,-4.835992474773833294e+01,-4.896062169149260512e+01,-4.783228125003515174e+01,-4.693748407222111041e+01,-5.151782971384953669e+01,-5.005205658279736269e+01,-4.501015039656698491e+01,-4.759162134184288107e+01,-4.896062169149260512e+01,-4.896062169149260512e+01,-4.674063518287925945e+01,-5.005205658279736269e+01,-5.048906594422832939e+01,-4.655089479530269614e+01,-5.286847272112147778e+01,-4.571315678480763722e+01,-4.527766189378789363e+01,-4.759162134184288107e+01
-4.783228125003515174e+01,-4.586778485105962488e+01,-4.714531802034287011e+01,-5.048906594422832939e+01,-4.835992474773833294e+01,-4.965794842392662645e+01,-4.865105372510340942e+01,-4.808909810049976841e+01,-3.463033520149889455e+01,-2.973406817035858296e+01,-3.585801355989742945e+01,-4.693748407222111041e+01,-4.896062169149260512e+01,-4.714531802034287011e+01,-4.619592269017118724e+01,-4.896062169149260512e+01,-4.714531802034287011e+01,-4.929664776068857179e+01,-4.808909810049976841e+01,-4.865105372510340942e+01,-4.714531802034287011e+01
-5.048906594422832939e+01,-4.759162134184288107e+01,-5.213826987666293178e+01,-5.005205658279736269e+01,-4.693748407222111041e+01,-4.808909810049976841e+01,-4.835992474773833294e+01,-4.349372083142034739e+01,-2.932310851715090649e+01,-2.340477379787163414e+01,-2.953106947877583366e+01,-4.418608251722227465e+01,-4.865105372510340942e+01,-4.759162134184288107e+01,-4.655089479530269614e+01,-4.637046797785978924e+01,-4.835992474773833294e+01,-4.865105372510340942e+01,-4.783228125003515174e+01,-4.693748407222111041e+01,-4.865105372510340942e+01
-4.759162134184288107e+01,-4.896062169149260512e+01,-4.759162134184288107e+01,-5.005205658279736269e+01,-5.048906594422832939e+01,-4.865105372510340942e+01,-4.808909810049976841e+01,-4.693748407222111041e+01,-3.492535874598335965e+01,-2.956426954237926452e+01,-3.665145494802139581e+01,-4.896062169149260512e+01,-4.783228125003515174e+01,-4.808909810049976841e+01,-4.714531802034287011e+01,-4.693748407222111041e+01,-4.736187840257355219e+01,-4.965794842392662645e+01,-4.759162134184288107e+01,-4.759162134184288107e+01,-4.637046797785978924e+01
-4.783228125003515174e+01,-4.783228125003515174e+01,-4.736187840257355219e+01,-4.674063518287925945e+01,-4.896062169149260512e+01,-4.835992474773833294e+01,-4.714531802034287011e+01,-4.619592269017118724e+01,-4.556270777420243689e+01,-4.340284711313819344e+01,-4.674063518287925945e+01,-4.835992474773833294e+01,-5.048906594422832939e+01,-4.896062169149260512e+01,-4.896062169149260512e+01,-4.674063518287925945e+01,-4.808909810049976841e+01,-5.005205658279736269e+01,-4.693748407222111041e+01,-5.151782971384953669e+01,-4.736187840257355219e+01
-4.674063518287925945e+01,-5.097106696191367803e+01,-5.005205658279736269e+01,-4.965794842392662645e+01,-4.736187840257355219e+01,-4.835992474773833294e+01,-4.808909810049976841e+01,-4.808909810049976841e+01,-4.865105372510340942e+01,-4.655089479530269614e+01,-4.736187840257355219e+01,-4.655089479530269614e+01,-4.835992474773833294e+01,-4.865105372510340942e+01,-4.714531802034287011e+01,-4.736187840257355219e+01,-4.808909810049976841e+01,-4.783228125003515174e+01,-4.965794842392662645e+01,-4.835992474773833294e+01,-4.783228125003515174e+01
-4.865105372510340942e+01,-4.808909810049976841e+01,-4.736187840257355219e+01,-4.808909810049976841e+01,-4.714531802034287011e+01,-4.693748407222111041e+01,-4.674063518287925945e+01,-4.929664776068857179e+01,-4.835992474773833294e+01,-5.005205658279736269e+01,-4.929664776068857179e+01,-4.783228125003515174e+01,-4.602938860366484164e+01,-4.556270777420243689e+01,-4.693748407222111041e+01,-5.048906594422832939e+01,-4.783228125003515174e+01,-4.674063518287925945e+01,-4.783228125003515174e+01,-5.048906594422832939e+01,-5.048906594422832939e+01
-4.865105372510340942e+01,-4.602938860366484164e+01,-5.097106696191367803e+01,-4.808909810049976841e+01,-4.714531802034287011e+01,-4.808909810049976841e+01,-4.759162134184288107e+01,-5.483929976951300489e+01,-4.865105372510340942e+01,-4.637046797785978924e+01,-4.655089479530269614e+01,-4.896062169149260512e+01,-5.097106696191367803e+01,-4.586778485105962488e+01,-5.005205658279736269e+01,-4.896062169149260512e+01,-4.965794842392662645e+01,-4.965794842392662645e+01,-4.759162134184288107e+01,-4.637046797785978924e+01,-4.602938860366484164e+01
-4.865105372510340942e+01,-4.929664776068857179e+01,-4.783228125003515174e+01,-5.005205658279736269e+01,-4.808909810049976841e+01,-4.571315678480763722e+01,-5.213826987666293178e+01,-5.483929976951300489e+01,-4.714531802034287011e+01,-4.714531802034287011e+01,-4.619592269017118724e+01,-4.896062169149260512e+01,-4.736187840257355219e+01,-4.835992474773833294e+01,-4.693748407222111041e+01,-4.736187840257355219e+01,-4.736187840257355219e+01,-4.637046797785978924e+01,-5.097106696191367803e+01,-5.005205658279736269e+01,-4.783228125003515174e+01
-4.693748407222111041e+01,-4.865105372510340942e+01,-4.808909810049976841e+01,-4.929664776068857179e+01,-4.965794842392662645e+01,-4.783228125003515174e+01,-5.097106696191367803e+01,-4.835992474773833294e+01,-4.865105372510340942e+01,-4.808909810049976841e+01,-4.808909810049976841e+01,-4.808909810049976841e+01,-5.373928551756338834e+01,-5.048906594422832939e+01,-4.602938860366484164e+01,-4.714531802034287011e+01,-5.213826987666293178e+01,-4.965794842392662645e+01,-5.005205658279736269e+01,-4.736187840257355219e+01,-4.865105372510340942e+01
