-4.225725408743885225e+01,-4.286848115856085428e+01,-4.302542588710007010e+01,-4.264263102379575798e+01,-4.222387682685710786e+01,-4.209298822495517811e+01,-4.249871066768626804e+01,-4.235940708610856120e+01,-4.253424610367653713e+01,-4.298565479308264514e+01,-4.267936887248529843e+01,-4.232472860428099182e+01,-4.196592923549363263e+01,-4.271642014728784886e+01,-4.172197740211794326e+01,-4.239381632415454249e+01,-4.215793945097415474e+01,-4.219078300217196897e+01,-4.232472860428099182e+01,-4.246346363636355647e+01,-4.206087328552887072e+01
-3.839121024721995923e+01,-4.239381632415454249e+01,-4.235940708610856120e+01,-4.235940708610856120e+01,-4.260620134296738115e+01,-4.232472860428099182e+01,-4.267936887248529843e+01,-4.219078300217196897e+01,-4.260620134296738115e+01,-4.196592923549363263e+01,-4.286848115856085428e+01,-2.969453971670493075e+01,-2.634532229192526387e+01,-4.175167331709434393e+01,-4.260620134296738115e+01,-4.264263102379575798e+01,-4.253424610367653713e+01,-4.235940708610856120e+01,-4.260620134296738115e+01,-4.257007470297234875e+01,-4.260620134296738115e+01
-3.592698289614619966e+01,-4.206087328552887072e+01,-4.242850036600188446e+01,-4.283011543100145957e+01,-4.271642014728784886e+01,-4.235940708610856120e+01,-4.283011543100145957e+01,-4.314697226170771671e+01,-4.232472860428099182e+01,-4.229086030676022290e+01,-4.190327726255780760e+01,-2.968524255071606888e+01,-2.683790212396326069e+01,-4.103797881507395573e+01,-4.239381632415454249e+01,-4.239381632415454249e+01,-4.253424610367653713e+01,-4.225725408743885225e+01,-4.219078300217196897e+01,-4.242850036600188446e+01,-4.225725408743885225e+01
-4.229086030676022290e+01,-4.260620134296738115e+01,-4.235940708610856120e+01,-4.260620134296738115e+01,-4.249871066768626804e+01,-4.222387682685710786e+01,-4.279208566192781404e+01,-4.279208566192781404e+01,-4.257007470297234875e+01,-4.222387682685710786e+01,-4.260620134296738115e+01,-4.202899408550324267e+01,-4.193473693569906402e+01,-4.225725408743885225e+01,-4.232472860428099182e+01,-4.279208566192781404e+01,-4.222387682685710786e+01,-4.219078300217196897e+01,-4.271642014728784886e+01,-4.212534241625020570e+01,-4.222387682685710786e+01
-4.184199917033348015e+01,-4.253424610367653713e+01,-4.271642014728784886e+01,-4.232472860428099182e+01,-4.219078300217196897e+01,-4.249871066768626804e+01,-4.267936887248529843e+01,-4.306556455892859958e+01,-4.229086030676022290e+01,-4.239381632415454249e+01,-4.246346363636355647e+01,-4.206087328552887072e+01,-4.246346363636355647e+01,-4.253424610367653713e+01,-4.235940708610856120e+01,-4.202899408550324267e+01,-4.239381632415454249e+01,-4.222387682685710786e+01,-4.271642014728784886e+01,-4.242850036600188446e+01,-4.239381632415454249e+01
-4.229086030676022290e+01,-4.271642014728784886e+01,-4.229086030676022290e+01,-4.215793945097415474e+01,-4.257007470297234875e+01,-4.235940708610856120e+01,-4.271642014728784886e+01,-4.290718883332662870e+01,-4.318825559720791318e+01,-4.246346363636355647e+01,-4.212534241625020570e+01,-4.257007470297234875e+01,-4.279208566192781404e+01,-4.264263102379575798e+01,-4.235940708610856120e+01,-4.294624460559101919e+01,-4.260620134296738115e+01,-4.246346363636355647e+01,-4.235940708610856120e+01,-4.246346363636355647e+01,-4.264263102379575798e+01
-4.286848115856085428e+01,-4.235940708610856120e+01,-4.283011543100145957e+01,-4.260620134296738115e+01,-4.275379024219611779e+01,-4.249871066768626804e+01,-4.212534241625020570e+01,-4.246346363636355647e+01,-4.193473693569906402e+01,-4.264263102379575798e+01,-4.246346363636355647e+01,-4.225725408743885225e+01,-4.202899408550324267e+01,-4.232472860428099182e+01,-4.260620134296738115e+01,-4.264263102379575798e+01,-4.249871066768626804e+01,-4.232472860428099182e+01,-4.209298822495517811e+01,-4.184199917033348015e+01,-4.249871066768626804e+01
-4.246346363636355647e+01,-4.286848115856085428e+01,-4.275379024219611779e+01,-4.222387682685710786e+01,-4.229086030676022290e+01,-4.190327726255780760e+01,-4.264263102379575798e+01,-4.267936887248529843e+01,-4.229086030676022290e+01,-4.225725408743885225e+01,-4.275379024219611779e+01,-4.196592923549363263e+01,-4.275379024219611779e+01,-4.264263102379575798e+01,-4.206087328552887072e+01,-4.232472860428099182e+01,-4.222387682685710786e+01,-4.260620134296738115e+01,-4.232472860428099182e+01,-4.264263102379575798e+01,-4.264263102379575798e+01
-4.257007470297234875e+01,-4.209298822495517811e+01,-4.246346363636355647e+01,-4.246346363636355647e+01,-4.264263102379575798e+01,-4.212534241625020570e+01,-4.222387682685710786e+01,-4.264263102379575798e+01,-4.232472860428099182e+01,-4.253424610367653713e+01,-4.202899408550324267e+01,-4.225725408743885225e+01,-4.206087328552887072e+01,-4.249871066768626804e+01,-4.279208566192781404e+01,-4.232472860428099182e+01,-4.271642014728784886e+01,-4.232472860428099182e+01,-4.229086030676022290e+01,-4.239381632415454249e+01,-4.190327726255780760e+01
-4.257007470297234875e+01,-4.242850036600188446e+01,-4.257007470297234875e+01,-4.190327726255780760e+01,-4.232472860428099182e+01,-4.229086030676022290e+01,-4.242850036600188446e+01,-4.275379024219611779e+01,-4.264263102379575798e+01,-4.298565479308264514e+01,-4.286848115856085428e+01,-4.229086030676022290e+01,-4.249871066768626804e+01,-4.253424610367653713e+01,-4.225725408743885225e+01,-4.260620134296738115e+01,-4.271642014728784886e+01,-4.232472860428099182e+01,-4.253424610367653713e+01,-4.235940708610856120e+01,-4.279208566192781404e+01
-4.215793945097415474e+01,-4.260620134296738115e+01,-4.229086030676022290e+01,-4.264263102379575798e+01,-4.219078300217196897e+01,-4.242850036600188446e+01,-4.271642014728784886e+01,-4.212534241625020570e+01,-4.169248316178376967e+01,-4.235940708610856120e+01,-4.235940708610856120e+01,-4.242850036600188446e+01,-4.275379024219611779e+01,-4.271642014728784886e+01,-4.253424610367653713e+01,-4.181168133675552667e+01,-4.298565479308264514e+01,-4.271642014728784886e+01,-4.235940708610856120e+01,-4.249871066768626804e+01,-4.225725408743885225e+01
-4.286848115856085428e+01,-4.222387682685710786e+01,-4.232472860428099182e+01,-4.229086030676022290e+01,-4.206087328552887072e+01,-4.219078300217196897e+01,-4.193473693569906402e+01,-4.219078300217196897e+01,-4.196592923549363263e+01,-4.242850036600188446e+01,-4.187253013962235570e+01,-2.826390372553824193e+01,-2.234293017872442988e+01,-4.101277003357694184e+01,-4.239381632415454249e+01,-4.235940708610856120e+01,-4.212534241625020570e+01,-4.212534241625020570e+01,-4.225725408743885225e+01,-4.222387682685710786e+01,-4.249871066768626804e+01
-4.264263102379575798e+01,-4.275379024219611779e+01,-4.225725408743885225e+01,-4.206087328552887072e+01,-4.260620134296738115e+01,-4.264263102379575798e+01,-4.232472860428099182e+01,-4.275379024219611779e+01,-4.242850036600188446e+01,-4.196592923549363263e+01,-4.199734718919702914e+01,-2.488946852089028994e+01,-2.155046741455556969e+01,-3.812446001507071003e+01,-4.235940708610856120e+01,-4.235940708610856120e+01,-4.225725408743885225e+01,-4.190327726255780760e+01,-4.271642014728784886e+01,-4.232472860428099182e+01,-4.257007470297234875e+01
-4.215793945097415474e+01,-4.279208566192781404e+01,-4.215793945097415474e+01,-4.206087328552887072e+01,-4.222387682685710786e+01,-4.279208566192781404e+01,-4.271642014728784886e+01,-4.235940708610856120e+01,-4.212534241625020570e+01,-4.242850036600188446e+01,-4.246346363636355647e+01,-4.042518246968695905e+01,-3.854532272551932692e+01,-4.271642014728784886e+01,-4.196592923549363263e+01,-4.225725408743885225e+01,-4.286848115856085428e+01,-4.225725408743885225e+01,-4.286848115856085428e+01,-4.222387682685710786e+01,-4.222387682685710786e+01
-4.235940708610856120e+01,-4.249871066768626804e+01,-4.253424610367653713e+01,-4.246346363636355647e+01,-4.290718883332662870e+01,-4.229086030676022290e+01,-4.215793945097415474e+01,-4.239381632415454249e+01,-4.249871066768626804e+01,-4.199734718919702914e+01,-4.260620134296738115e+01,-4.239381632415454249e+01,-4.222387682685710786e+01,-4.232472860428099182e+01,-4.222387682685710786e+01,-4.290718883332662870e+01,-4.222387682685710786e+01,-4.257007470297234875e+01,-4.298565479308264514e+01,-4.225725408743885225e+01,-4.146303156914936494e+01
-4.310607766655655837e+01,-4.219078300217196897e+01,-4.264263102379575798e+01,-4.232472860428099182e+01,-4.219078300217196897e+01,-4.235940708610856120e+01,-4.219078300217196897e+01,-4.253424610367653713e+01,-4.187253013962235570e+01,-4.253424610367653713e+01,-4.215793945097415474e+01,-4.209298822495517811e+01,-4.199734718919702914e+01,-4.196592923549363263e+01,-4.264263102379575798e+01,-4.246346363636355647e+01,-4.264263102379575798e+01,-4.279208566192781404e+01,-4.225725408743885225e+01,-4.242850036600188446e+01,-4.219078300217196897e+01
-4.294624460559101919e+01,-4.215793945097415474e+01,-4.196592923549363263e+01,-4.225725408743885225e+01,-4.235940708610856120e+01,-4.219078300217196897e+01,-4.215793945097415474e+01,-4.209298822495517811e+01,-4.215793945097415474e+01,-4.286848115856085428e+01,-4.264263102379575798e+01,-4.222387682685710786e+01,-4.229086030676022290e+01,-4.225725408743885225e+01,-4.246346363636355647e+01,-4.246346363636355647e+01,-4.294624460559101919e+01,-4.283011543100145957e+01,-4.260620134296738115e+01,-4.190327726255780760e+01,-4.212534241625020570e+01
-4.222387682685710786e+01,-4.246346363636355647e+01,-4.212534241625020570e+01,-4.279208566192781404e+01,-4.209298822495517811e+01,-4.249871066768626804e+01,-4.212534241625020570e+01,-4.290718883332662870e+01,-4.253424610367653713e+01,-4.275379024219611779e+01,-4.242850036600188446e+01,-4.209298822495517811e+01,-4.229086030676022290e+01,-4.232472860428099182e+01,-4.235940708610856120e+01,-4.257007470297234875e+01,-4.246346363636355647e+01,-4.206087328552887072e+01,-4.235940708610856120e+01,-4.260620134296738115e+01,-4.222387682685710786e+01
-4.283011543100145957e+01,-4.242850036600188446e+01,-4.239381632415454249e+01,-4.271642014728784886e+01,-4.222387682685710786e+01,-4.222387682685710786e+01,-4.239381632415454249e+01,-4.260620134296738115e+01,-4.286848115856085428e+01,-4.242850036600188446e+01,-4.239381632415454249e+01,-4.260620134296738115e+01,-4.257007470297234875e+01,-4.306556455892859958e+01,-4.202899408550324267e+01,-4.257007470297234875e+01,-4.318825559720791318e+01,-4.212534241625020570e+01,-4.229086030676022290e+01,-4.209298822495517811e+01,-4.253424610367653713e+01
-4.267936887248529843e+01,-4.271642014728784886e+01,-4.232472860428099182e+01,-4.193473693569906402e+01,-4.232472860428099182e+01,-4.264263102379575798e+01,-4.222387682685710786e+01,-4.232472860428099182e+01,-4.283011543100145957e+01,-4.253424610367653713e+01,-4.327201855276477716e+01,-4.222387682685710786e+01,-4.249871066768626804e+01,-4.196592923549363263e+01,-4.249871066768626804e+01,-4.246346363636355647e+01,-4.235940708610856120e+01,-4.239381632415454249e+01,-4.275379024219611779e+01,-4.267936887248529843e+01,-4.290718883332662870e+01
-4.232472860428099182e+01,-4.257007470297234875e+01,-4.344525117859274133e+01,-4.232472860428099182e+01,-4.264263102379575798e+01,-4.302542588710007010e+01,-4.232472860428099182e+01,-4.225725408743885225e+01,-4.242850036600188446e+01,-4.260620134296738115e+01,-4.235940708610856120e+01,-4.279208566192781404e+01,-4.209298822495517811e+01,-4.215793945097415474e+01,-4.209298822495517811e+01,-4.175167331709434393e+01,-4.232472860428099182e+01,-4.257007470297234875e+01,-4.242850036600188446e+01,-4.235940708610856120e+01,-4.253424610367653713e+01
