-4.246346363636355647e+01,-4.199734718919702914e+01,-4.196592923549363263e+01,-4.242850036600188446e+01,-4.196592923549363263e+01,-4.199734718919702914e+01,-4.249871066768626804e+01,-4.225725408743885225e+01,-4.209298822495517811e+01,-4.196592923549363263e+01,-4.196592923549363263e+01,-4.222387682685710786e+01,-4.206087328552887072e+01,-4.235940708610856120e+01,-4.253424610367653713e+01,-4.199734718919702914e+01,-4.215793945097415474e+01,-4.202899408550324267e+01,-4.229086030676022290e+01,-4.190327726255780760e+01,-4.199734718919702914e+01
-4.222387682685710786e+01,-4.202899408550324267e+01,-4.190327726255780760e+01,-4.219078300217196897e+01,-4.239381632415454249e+01,-4.242850036600188446e+01,-4.172197740211794326e+01,-4.193473693569906402e+01,-4.229086030676022290e+01,-4.239381632415454249e+01,-4.181168133675552667e+01,-4.249871066768626804e+01,-4.219078300217196897e+01,-4.222387682685710786e+01,-4.219078300217196897e+01,-4.212534241625020570e+01,-4.249871066768626804e+01,-4.193473693569906402e+01,-4.196592923549363263e+01,-4.222387682685710786e+01,-4.202899408550324267e+01
-4.175167331709434393e+01,-4.229086030676022290e+01,-4.212534241625020570e+01,-4.184199917033348015e+01,-4.229086030676022290e+01,-4.219078300217196897e+01,-4.246346363636355647e+01,-4.232472860428099182e+01,-4.219078300217196897e+01,-4.257007470297234875e+01,-4.229086030676022290e+01,-4.246346363636355647e+01,-4.215793945097415474e+01,-4.163408887649738688e+01,-4.190327726255780760e+01,-4.172197740211794326e+01,-4.181168133675552667e+01,-4.175167331709434393e+01,-4.232472860428099182e+01,-4.187253013962235570e+01,-4.206087328552887072e+01
-4.206087328552887072e+01,-4.202899408550324267e+01,-4.229086030676022290e+01,-4.215793945097415474e+01,-4.260620134296738115e+01,-4.215793945097415474e+01,-4.222387682685710786e+01,-4.222387682685710786e+01,-4.190327726255780760e+01,-4.219078300217196897e+01,-4.222387682685710786e+01,-4.239381632415454249e+01,-4.206087328552887072e+01,-4.294624460559101919e+01,-4.193473693569906402e+01,-4.222387682685710786e+01,-4.209298822495517811e+01,-4.175167331709434393e+01,-4.246346363636355647e+01,-4.215793945097415474e+01,-4.199734718919702914e+01
-4.267936887248529843e+01,-4.212534241625020570e+01,-4.206087328552887072e+01,-4.196592923549363263e+01,-4.246346363636355647e+01,-4.235940708610856120e+01,-4.225725408743885225e+01,-4.163408887649738688e+01,-4.275379024219611779e+01,-4.242850036600188446e+01,-4.187253013962235570e+01,-4.219078300217196897e+01,-4.225725408743885225e+01,-4.187253013962235570e+01,-4.187253013962235570e+01,-4.271642014728784886e+01,-4.242850036600188446e+01,-4.219078300217196897e+01,-4.246346363636355647e+01,-4.196592923549363263e+01,-4.225725408743885225e+01
-4.232472860428099182e+01,-4.196592923549363263e+01,-4.209298822495517811e+01,-4.187253013962235570e+01,-4.239381632415454249e+01,-4.196592923549363263e+01,-4.222387682685710786e+01,-4.239381632415454249e+01,-4.298565479308264514e+01,-4.178157368371944358e+01,-4.215793945097415474e+01,-4.196592923549363263e+01,-4.196592923549363263e+01,-4.246346363636355647e+01,-4.260620134296738115e+01,-4.229086030676022290e+01,-4.178157368371944358e+01,-4.225725408743885225e+01,-4.222387682685710786e+01,-4.239381632415454249e+01,-4.260620134296738115e+01
-4.232472860428099182e+01,-4.193473693569906402e+01,-4.267936887248529843e+01,-4.219078300217196897e+01,-4.202899408550324267e+01,-4.202899408550324267e+01,-4.212534241625020570e+01,-4.219078300217196897e+01,-4.190327726255780760e+01,-4.199734718919702914e+01,-4.169248316178376967e+01,-4.196592923549363263e+01,-4.219078300217196897e+01,-4.199734718919702914e+01,-4.187253013962235570e+01,-4.206087328552887072e+01,-4.190327726255780760e+01,-4.212534241625020570e+01,-4.232472860428099182e+01,-4.253424610367653713e+01,-4.202899408550324267e+01
-4.222387682685710786e+01,-4.190327726255780760e+01,-4.196592923549363263e+01,-4.249871066768626804e+01,-4.175167331709434393e+01,-4.242850036600188446e+01,-4.212534241625020570e+01,-4.257007470297234875e+01,-4.202899408550324267e+01,-4.181168133675552667e+01,-4.199734718919702914e+01,-4.219078300217196897e+01,-4.212534241625020570e+01,-4.229086030676022290e+01,-4.239381632415454249e+01,-4.235940708610856120e+01,-4.239381632415454249e+01,-4.193473693569906402e+01,-4.239381632415454249e+01,-4.215793945097415474e+01,-4.209298822495517811e+01
-4.212534241625020570e+01,-4.209298822495517811e+01,-4.267936887248529843e+01,-4.196592923549363263e+01,-4.206087328552887072e+01,-4.239381632415454249e+01,-4.172197740211794326e+01,-4.229086030676022290e+01,-4.178157368371944358e+01,-4.209298822495517811e+01,-4.212534241625020570e+01,-4.175167331709434393e+01,-4.196592923549363263e+01,-4.196592923549363263e+01,-4.271642014728784886e+01,-4.235940708610856120e+01,-4.215793945097415474e+01,-4.257007470297234875e+01,-4.193473693569906402e+01,-4.169248316178376967e+01,-4.219078300217196897e+01
-4.219078300217196897e+01,-4.187253013962235570e+01,-4.279208566192781404e+01,-4.222387682685710786e+01,-4.202899408550324267e+01,-4.202899408550324267e+01,-4.190327726255780760e+01,-4.253424610367653713e+01,-4.215793945097415474e+01,-4.209298822495517811e+01,-4.222387682685710786e+01,-4.225725408743885225e+01,-4.181168133675552667e+01,-4.187253013962235570e+01,-4.222387682685710786e+01,-4.187253013962235570e+01,-4.232472860428099182e+01,-4.229086030676022290e+01,-4.232472860428099182e+01,-4.246346363636355647e+01,-4.193473693569906402e+01
-4.229086030676022290e+01,-4.215793945097415474e+01,-4.163408887649738688e+01,-4.225725408743885225e+01,-4.202899408550324267e+01,-4.235940708610856120e+01,-4.242850036600188446e+01,-4.222387682685710786e+01,-4.264263102379575798e+01,-4.225725408743885225e+01,-4.232472860428099182e+01,-4.206087328552887072e+01,-4.215793945097415474e+01,-4.196592923549363263e+01,-4.242850036600188446e+01,-4.225725408743885225e+01,-4.212534241625020570e+01,-4.206087328552887072e+01,-4.246346363636355647e+01,-4.225725408743885225e+01,-4.246346363636355647e+01
-4.206087328552887072e+01,-4.190327726255780760e+01,-4.246346363636355647e+01,-4.172197740211794326e+01,-4.172197740211794326e+01,-4.202899408550324267e+01,-4.246346363636355647e+01,-4.199734718919702914e+01,-4.271642014728784886e+01,-4.202899408550324267e+01,-4.190327726255780760e+01,-4.215793945097415474e+01,-4.199734718919702914e+01,-4.219078300217196897e+01,-4.209298822495517811e+01,-4.246346363636355647e+01,-4.242850036600188446e+01,-4.206087328552887072e+01,-4.206087328552887072e+01,-4.190327726255780760e+01,-4.187253013962235570e+01
-4.181168133675552667e+01,-4.202899408550324267e+01,-4.181168133675552667e+01,-4.225725408743885225e+01,-4.202899408550324267e+01,-4.212534241625020570e+01,-4.219078300217196897e+01,-4.232472860428099182e+01,-4.286848115856085428e+01,-4.163408887649738688e+01,-4.196592923549363263e+01,-4.212534241625020570e+01,-4.239381632415454249e+01,-4.184199917033348015e+01,-4.235940708610856120e+01,-4.225725408743885225e+01,-4.246346363636355647e+01,-4.187253013962235570e+01,-4.239381632415454249e+01,-4.206087328552887072e+01,-4.264263102379575798e+01
-4.246346363636355647e+01,-4.264263102379575798e+01,-4.199734718919702914e+01,-4.181168133675552667e+01,-4.187253013962235570e+01,-4.199734718919702914e+01,-4.209298822495517811e+01,-4.215793945097415474e+01,-4.212534241625020570e+01,-4.069734327143481778e+01,-3.503436713449721651e+01,-4.053636862672381369e+01,-4.239381632415454249e+01,-4.290718883332662870e+01,-4.212534241625020570e+01,-4.190327726255780760e+01,-4.235940708610856120e+01,-4.175167331709434393e+01,-4.242850036600188446e+01,-4.229086030676022290e+01,-4.232472860428099182e+01
-4.232472860428099182e+01,-4.222387682685710786e+01,-4.206087328552887072e+01,-4.178157368371944358e+01,-4.212534241625020570e+01,-4.190327726255780760e+01,-4.239381632415454249e+01,-4.271642014728784886e+01,-4.199734718919702914e+01,-3.264290214901571829e+01,-2.574074337052940109e+01,-3.354789224528244063e+01,-4.193473693569906402e+01,-4.232472860428099182e+01,-4.184199917033348015e+01,-4.279208566192781404e+01,-4.222387682685710786e+01,-4.242850036600188446e+01,-4.229086030676022290e+01,-4.279208566192781404e+01,-4.190327726255780760e+01
-4.215793945097415474e+01,-4.257007470297234875e+01,-4.199734718919702914e+01,-4.239381632415454249e+01,-4.232472860428099182e+01,-4.219078300217196897e+01,-4.190327726255780760e+01,-4.246346363636355647e+01,-4.229086030676022290e+01,-3.756647810356315631e+01,-3.141331706134043600e+01,-3.817647387832410288e+01,-4.169248316178376967e+01,-4.239381632415454249e+01,-4.219078300217196897e+01,-4.202899408550324267e+01,-4.257007470297234875e+01,-4.219078300217196897e+01,-4.199734718919702914e+01,-4.166318787528282996e+01,-4.225725408743885225e+01
-4.279208566192781404e+01,-4.249871066768626804e+01,-4.206087328552887072e+01,-4.172197740211794326e+01,-4.219078300217196897e+01,-4.199734718919702914e+01,-4.196592923549363263e+01,-4.181168133675552667e+01,-4.235940708610856120e+01,-4.169248316178376967e+01,-4.232472860428099182e+01,-4.215793945097415474e+01,-4.260620134296738115e+01,-4.235940708610856120e+01,-4.181168133675552667e+01,-4.199734718919702914e+01,-4.212534241625020570e+01,-4.232472860428099182e+01,-4.225725408743885225e+01,-4.209298822495517811e+01,-4.193473693569906402e+01
-4.181168133675552667e+01,-4.193473693569906402e+01,-4.232472860428099182e+01,-4.187253013962235570e+01,-4.181168133675552667e+01,-4.184199917033348015e+01,-4.193473693569906402e+01,-4.187253013962235570e+01,-4.175167331709434393e+01,-4.193473693569906402e+01,-4.202899408550324267e+01,-4.209298822495517811e+01,-4.215793945097415474e+01,-4.187253013962235570e+01,-4.235940708610856120e+01,-4.187253013962235570e+01,-4.219078300217196897e+01,-4.193473693569906402e+01,-4.199734718919702914e+01,-4.222387682685710786e+01,-4.229086030676022290e+01
-4.175167331709434393e+01,-4.199734718919702914e+01,-4.239381632415454249e+01,-4.225725408743885225e+01,-4.151915592498829710e+01,-4.199734718919702914e+01,-4.219078300217196897e+01,-4.219078300217196897e+01,-4.175167331709434393e+01,-4.160518355254490075e+01,-4.175167331709434393e+01,-4.202899408550324267e+01,-4.169248316178376967e+01,-4.271642014728784886e+01,-4.219078300217196897e+01,-4.209298822495517811e+01,-4.222387682685710786e+01,-4.175167331709434393e+01,-4.193473693569906402e+01,-4.199734718919702914e+01,-4.267936887248529843e+01
-4.187253013962235570e+01,-4.178157368371944358e+01,-4.209298822495517811e+01,-4.175167331709434393e+01,-4.222387682685710786e+01,-4.187253013962235570e+01,-4.175167331709434393e+01,-4.222387682685710786e+01,-4.172197740211794326e+01,-4.149100308504310419e+01,-4.119238387674394630e+01,-4.187253013962235570e+01,-4.129888335316914549e+01,-4.193473693569906402e+01,-4.225725408743885225e+01,-4.202899408550324267e+01,-4.283011543100145957e+01,-4.235940708610856120e+01,-4.222387682685710786e+01,-4.225725408743885225e+01,-4.242850036600188446e+01
-4.249871066768626804e+01,-4.232472860428099182e+01,-4.187253013962235570e+01,-4.202899408550324267e+01,-4.275379024219611779e+01,-4.184199917033348015e+01,-4.209298822495517811e+01,-4.202899408550324267e+01,-4.199734718919702914e+01,-4.116626546081738525e+01,-4.108883964682539158e+01,-4.193473693569906402e+01,-4.181168133675552667e+01,-4.222387682685710786e+01,-4.232472860428099182e+01,-4.187253013962235570e+01,-4.222387682685710786e+01,-4.215793945097415474e+01,-4.172197740211794326e+01,-4.275379024219611779e+01,-4.212534241625020570e+01
