-4.719472582722150378e+01,-4.593418398941798841e+01,-4.763539721352388767e+01,-4.839035570693295085e+01,-4.882351728500617583e+01,-4.799647850002673977e+01,-4.719472582722150378e+01,-4.914091451711057346e+01,-4.634451563279239394e+01,-4.689244731700925684e+01,-4.730034871693372622e+01,-4.730034871693372622e+01,-4.787275224390495509e+01,-4.812383322034146715e+01,-4.812383322034146715e+01,-4.634451563279239394e+01,-4.699088751205800918e+01,-4.775245340946439399e+01,-4.825503567205653610e+01,-4.752141342486052622e+01,-4.670201813639535260e+01
-4.763539721352388767e+01,-4.617491704535018471e+01,-4.670201813639535260e+01,-4.670201813639535260e+01,-4.689244731700925684e+01,-4.852999702836123674e+01,-4.689244731700925684e+01,-4.763539721352388767e+01,-4.609318102003784645e+01,-4.812383322034146715e+01,-4.741034487522755114e+01,-4.852999702836123674e+01,-4.867427791298105433e+01,-4.763539721352388767e+01,-4.563265455463547937e+01,-4.763539721352388767e+01,-4.679618906941274759e+01,-4.699088751205800918e+01,-4.763539721352388767e+01,-4.914091451711057346e+01,-4.679618906941274759e+01
-4.825503567205653610e+01,-4.709161087257199085e+01,-4.719472582722150378e+01,-4.812383322034146715e+01,-4.914091451711057346e+01,-4.670201813639535260e+01,-4.709161087257199085e+01,-4.689244731700925684e+01,-4.730034871693372622e+01,-3.941046887109517627e+01,-3.544730260774331043e+01,-4.206087328552887072e+01,-4.787275224390495509e+01,-4.752141342486052622e+01,-4.670201813639535260e+01,-4.752141342486052622e+01,-4.852999702836123674e+01,-4.719472582722150378e+01,-4.689244731700925684e+01,-4.763539721352388767e+01,-4.689244731700925684e+01
-4.660984591109783537e+01,-4.719472582722150378e+01,-4.787275224390495509e+01,-4.563265455463547937e+01,-4.799647850002673977e+01,-4.709161087257199085e+01,-4.593418398941798841e+01,-4.812383322034146715e+01,-4.290718883332662870e+01,-3.313496705044305202e+01,-2.998256668023472571e+01,-3.781238778600523176e+01,-4.730034871693372622e+01,-4.948054554404832572e+01,-4.609318102003784645e+01,-4.719472582722150378e+01,-4.670201813639535260e+01,-4.689244731700925684e+01,-4.930741085839731852e+01,-4.709161087257199085e+01,-4.699088751205800918e+01
-4.699088751205800918e+01,-4.660984591109783537e+01,-4.839035570693295085e+01,-4.812383322034146715e+01,-4.948054554404832572e+01,-4.825503567205653610e+01,-4.660984591109783537e+01,-4.741034487522755114e+01,-4.882351728500617583e+01,-4.660984591109783537e+01,-4.593418398941798841e+01,-4.787275224390495509e+01,-4.689244731700925684e+01,-4.752141342486052622e+01,-4.752141342486052622e+01,-4.643117033121565385e+01,-4.867427791298105433e+01,-4.812383322034146715e+01,-4.787275224390495509e+01,-4.730034871693372622e+01,-4.775245340946439399e+01
-4.719472582722150378e+01,-4.634451563279239394e+01,-4.812383322034146715e+01,-4.709161087257199085e+01,-4.741034487522755114e+01,-4.812383322034146715e+01,-4.763539721352388767e+01,-4.775245340946439399e+01,-4.897806812705147195e+01,-4.948054554404832572e+01,-4.651958931165984268e+01,-4.914091451711057346e+01,-4.852999702836123674e+01,-4.601295492686556088e+01,-4.825503567205653610e+01,-4.689244731700925684e+01,-4.651958931165984268e+01,-4.634451563279239394e+01,-4.914091451711057346e+01,-4.763539721352388767e+01,-4.670201813639535260e+01
-4.752141342486052622e+01,-4.752141342486052622e+01,-4.825503567205653610e+01,-4.730034871693372622e+01,-4.775245340946439399e+01,-4.897806812705147195e+01,-4.741034487522755114e+01,-4.775245340946439399e+01,-4.787275224390495509e+01,-4.752141342486052622e+01,-4.825503567205653610e+01,-4.556043340209154735e+01,-4.763539721352388767e+01,-4.799647850002673977e+01,-4.897806812705147195e+01,-4.670201813639535260e+01,-4.752141342486052622e+01,-4.775245340946439399e+01,-4.867427791298105433e+01,-4.719472582722150378e+01,-5.046789825250266404e+01
-4.799647850002673977e+01,-4.679618906941274759e+01,-4.812383322034146715e+01,-4.730034871693372622e+01,-4.763539721352388767e+01,-4.839035570693295085e+01,-4.585681635897314834e+01,-4.812383322034146715e+01,-4.660984591109783537e+01,-4.799647850002673977e+01,-4.660984591109783537e+01,-4.709161087257199085e+01,-4.775245340946439399e+01,-4.741034487522755114e+01,-4.670201813639535260e+01,-4.709161087257199085e+01,-4.719472582722150378e+01,-4.787275224390495509e+01,-4.741034487522755114e+01,-4.752141342486052622e+01,-4.867427791298105433e+01
-4.719472582722150378e+01,-4.625955618383943602e+01,-4.787275224390495509e+01,-4.625955618383943602e+01,-4.852999702836123674e+01,-4.914091451711057346e+01,-4.651958931165984268e+01,-4.719472582722150378e+01,-4.730034871693372622e+01,-4.670201813639535260e+01,-4.930741085839731852e+01,-4.730034871693372622e+01,-4.730034871693372622e+01,-4.699088751205800918e+01,-4.787275224390495509e+01,-4.763539721352388767e+01,-4.699088751205800918e+01,-4.812383322034146715e+01,-4.984900729640926897e+01,-4.812383322034146715e+01,-4.775245340946439399e+01
-4.775245340946439399e+01,-4.839035570693295085e+01,-4.867427791298105433e+01,-4.699088751205800918e+01,-4.709161087257199085e+01,-4.699088751205800918e+01,-4.825503567205653610e+01,-4.825503567205653610e+01,-4.752141342486052622e+01,-4.617491704535018471e+01,-4.689244731700925684e+01,-4.852999702836123674e+01,-4.741034487522755114e+01,-4.882351728500617583e+01,-4.709161087257199085e+01,-4.670201813639535260e+01,-4.625955618383943602e+01,-4.689244731700925684e+01,-4.741034487522755114e+01,-4.699088751205800918e+01,-4.812383322034146715e+01
-4.799647850002673977e+01,-4.752141342486052622e+01,-4.812383322034146715e+01,-4.930741085839731852e+01,-4.719472582722150378e+01,-4.839035570693295085e+01,-4.651958931165984268e+01,-4.709161087257199085e+01,-4.825503567205653610e+01,-4.670201813639535260e+01,-4.882351728500617583e+01,-4.719472582722150378e+01,-4.852999702836123674e+01,-4.709161087257199085e+01,-4.679618906941274759e+01,-4.709161087257199085e+01,-4.799647850002673977e+01,-4.867427791298105433e+01,-4.709161087257199085e+01,-4.634451563279239394e+01,-4.670201813639535260e+01
-4.634451563279239394e+01,-4.651958931165984268e+01,-4.699088751205800918e+01,-4.709161087257199085e+01,-4.948054554404832572e+01,-4.730034871693372622e+01,-4.548939363462126551e+01,-4.719472582722150378e+01,-5.405710532896117115e+01,-4.839035570693295085e+01,-4.709161087257199085e+01,-4.689244731700925684e+01,-4.651958931165984268e+01,-4.787275224390495509e+01,-4.625955618383943602e+01,-4.643117033121565385e+01,-4.914091451711057346e+01,-4.741034487522755114e+01,-4.578080290950983056e+01,-4.763539721352388767e+01,-4.914091451711057346e+01
-4.625955618383943602e+01,-4.699088751205800918e+01,-4.643117033121565385e+01,-4.897806812705147195e+01,-4.752141342486052622e+01,-4.799647850002673977e+01,-4.643117033121565385e+01,-4.593418398941798841e+01,-4.643117033121565385e+01,-4.775245340946439399e+01,-4.812383322034146715e+01,-4.670201813639535260e+01,-4.787275224390495509e+01,-4.601295492686556088e+01,-4.670201813639535260e+01,-4.634451563279239394e+01,-4.763539721352388767e+01,-4.709161087257199085e+01,-4.730034871693372622e+01,-4.787275224390495509e+01,-4.867427791298105433e+01
-4.660984591109783537e+01,-4.679618906941274759e+01,-4.914091451711057346e+01,-4.601295492686556088e+01,-4.643117033121565385e+01,-4.730034871693372622e+01,-4.752141342486052622e+01,-4.719472582722150378e+01,-4.660984591109783537e+01,-4.852999702836123674e+01,-4.730034871693372622e+01,-4.787275224390495509e+01,-4.719472582722150378e+01,-4.867427791298105433e+01,-4.787275224390495509e+01,-4.719472582722150378e+01,-4.679618906941274759e+01,-4.651958931165984268e+01,-4.897806812705147195e+01,-4.867427791298105433e+01,-4.643117033121565385e+01
-4.763539721352388767e+01,-4.651958931165984268e+01,-4.651958931165984268e+01,-4.679618906941274759e+01,-4.660984591109783537e+01,-4.763539721352388767e+01,-4.787275224390495509e+01,-4.585681635897314834e+01,-4.867427791298105433e+01,-4.709161087257199085e+01,-4.679618906941274759e+01,-4.634451563279239394e+01,-4.670201813639535260e+01,-4.948054554404832572e+01,-4.914091451711057346e+01,-4.699088751205800918e+01,-4.730034871693372622e+01,-4.914091451711057346e+01,-4.752141342486052622e+01,-4.812383322034146715e+01,-4.752141342486052622e+01
-4.679618906941274759e+01,-4.763539721352388767e+01,-4.670201813639535260e+01,-4.839035570693295085e+01,-4.660984591109783537e+01,-4.763539721352388767e+01,-4.799647850002673977e+01,-4.984900729640926897e+01,-4.812383322034146715e+01,-4.787275224390495509e+01,-4.730034871693372622e+01,-4.643117033121565385e+01,-4.709161087257199085e+01,-4.930741085839731852e+01,-4.741034487522755114e+01,-4.812383322034146715e+01,-4.634451563279239394e+01,-4.930741085839731852e+01,-4.763539721352388767e+01,-4.775245340946439399e+01,-4.812383322034146715e+01
-4.670201813639535260e+01,-4.719472582722150378e+01,-4.617491704535018471e+01,-4.812383322034146715e+01,-4.763539721352388767e+01,-4.601295492686556088e+01,-4.634451563279239394e+01,-4.689244731700925684e+01,-4.699088751205800918e+01,-4.634451563279239394e+01,-4.689244731700925684e+01,-4.799647850002673977e+01,-4.763539721352388767e+01,-4.651958931165984268e+01,-4.741034487522755114e+01,-4.930741085839731852e+01,-4.812383322034146715e+01,-4.799647850002673977e+01,-4.679618906941274759e+01,-4.634451563279239394e+01,-4.825503567205653610e+01
-4.730034871693372622e+01,-4.825503567205653610e+01,-4.799647850002673977e+01,-4.799647850002673977e+01,-4.730034871693372622e+01,-4.689244731700925684e+01,-4.689244731700925684e+01,-4.699088751205800918e+01,-4.643117033121565385e+01,-4.570609705034839010e+01,-4.852999702836123674e+01,-4.763539721352388767e+01,-4.741034487522755114e+01,-4.914091451711057346e+01,-4.689244731700925684e+01,-4.787275224390495509e+01,-4.643117033121565385e+01,-4.948054554404832572e+01,-4.799647850002673977e+01,-4.799647850002673977e+01,-4.948054554404832572e+01
-4.812383322034146715e+01,-4.625955618383943602e+01,-4.775245340946439399e+01,-4.799647850002673977e+01,-4.787275224390495509e+01,-4.787275224390495509e+01,-4.787275224390495509e+01,-4.839035570693295085e+01,-4.730034871693372622e+01,-4.570609705034839010e+01,-4.930741085839731852e+01,-4.709161087257199085e+01,-4.914091451711057346e+01,-4.730034871693372622e+01,-4.679618906941274759e+01,-4.741034487522755114e+01,-4.617491704535018471e+01,-4.634451563279239394e+01,-4.787275224390495509e+01,-4.643117033121565385e+01,-4.930741085839731852e+01
-5.004566526341238841e+01,-4.799647850002673977e+01,-4.709161087257199085e+01,-4.709161087257199085e+01,-4.787275224390495509e+01,-4.699088751205800918e+01,-4.709161087257199085e+01,-4.563265455463547937e+01,-4.775245340946439399e+01,-4.709161087257199085e+01,-4.719472582722150378e+01,-4.699088751205800918e+01,-4.867427791298105433e+01,-4.930741085839731852e+01,-4.689244731700925684e+01,-4.660984591109783537e+01,-4.852999702836123674e+01,-4.730034871693372622e+01,-4.625955618383943602e+01,-4.709161087257199085e+01,-4.719472582722150378e+01
-4.812383322034146715e+01,-4.699088751205800918e+01,-4.799647850002673977e+01,-4.651958931165984268e+01,-4.882351728500617583e+01,-4.670201813639535260e+01,-4.775245340946439399e+01,-4.679618906941274759e+01,-4.719472582722150378e+01,-4.651958931165984268e+01,-4.689244731700925684e+01,-5.357787560097074220e+01,-4.651958931165984268e+01,-4.752141342486052622e+01,-4.812383322034146715e+01,-4.651958931165984268e+01,-4.719472582722150378e+01,-4.625955618383943602e+01,-5.069547828697290015e+01,-4.670201813639535260e+01,-4.752141342486052622e+01
