-4.610347532842938278e+01,-4.481335778751446242e+01,-4.548268815621138117e+01,-4.493961351710589724e+01,-4.493961351710589724e+01,-4.627293133429364502e+01,-4.445698739271114164e+01,-4.469159969576854508e+01,-4.520265314999298312e+01,-4.423440224326331816e+01,-4.445698739271114164e+01,-4.493961351710589724e+01,-4.562918808143709271e+01,-4.520265314999298312e+01,-4.481335778751446242e+01,-4.548268815621138117e+01,-4.769817823531174383e+01,-4.533988852228829103e+01,-4.520265314999298312e+01,-4.533988852228829103e+01,-4.533988852228829103e+01
-4.548268815621138117e+01,-4.578199913918757602e+01,-4.533988852228829103e+01,-4.445698739271114164e+01,-4.469159969576854508e+01,-4.423440224326331816e+01,-4.392016496776901135e+01,-4.353417305994499031e+01,-4.392016496776901135e+01,-4.362713848678063755e+01,-4.445698739271114164e+01,-4.548268815621138117e+01,-4.469159969576854508e+01,-4.702898337938893292e+01,-4.506863458026791136e+01,-4.469159969576854508e+01,-4.578199913918757602e+01,-4.724135249004687864e+01,-4.627293133429364502e+01,-4.520265314999298312e+01,-4.578199913918757602e+01
-4.493961351710589724e+01,-4.445698739271114164e+01,-4.423440224326331816e+01,-4.382078424134832062e+01,-4.317970461968729978e+01,-4.226257107571578331e+01,-4.174364010927138224e+01,-4.086143137735632536e+01,-4.156376815791121260e+01,-4.128017310124587880e+01,-4.133525803451257730e+01,-4.353417305994499031e+01,-4.382078424134832062e+01,-4.344245786363026696e+01,-4.402267102822180789e+01,-4.469159969576854508e+01,-4.520265314999298312e+01,-4.578199913918757602e+01,-4.593914306573920214e+01,-4.533988852228829103e+01,-4.445698739271114164e+01
-4.548268815621138117e+01,-4.434383939302686883e+01,-4.402267102822180789e+01,-4.206036543441715025e+01,-4.180497268628143104e+01,-4.061865998913614817e+01,-3.843859255495608807e+01,-3.782692407184103445e+01,-3.753895882638813930e+01,-3.792731781709262862e+01,-3.858392245157791933e+01,-3.921885312720780803e+01,-4.038874410937901871e+01,-4.180497268628143104e+01,-4.293132477235954525e+01,-4.392016496776901135e+01,-4.412683780194413430e+01,-4.423440224326331816e+01,-4.493961351710589724e+01,-4.682803868397175506e+01,-4.506863458026791136e+01
-4.301276064080015260e+01,-4.219392395244213390e+01,-4.122535909421115718e+01,-3.953812849103010763e+01,-3.780208885942643349e+01,-3.589592161871570397e+01,-3.485433852416163347e+01,-3.436935389534714602e+01,-3.420460624120221382e+01,-3.400460541686598503e+01,-3.447130596414488934e+01,-3.499426527227826966e+01,-3.597612168861688531e+01,-3.726873749605201169e+01,-3.885834131665936297e+01,-3.992257657568593743e+01,-4.162305462770633824e+01,-4.372288215474125650e+01,-4.457225668810323782e+01,-4.457225668810323782e+01,-4.645066401244653775e+01
-4.162305462770633824e+01,-3.957493427056894575e+01,-3.746976684560821980e+01,-3.581705515844289778e+01,-3.426974039149301632e+01,-3.269901190590466911e+01,-3.185676393081584479e+01,-3.119988441641044830e+01,-3.053123113908253572e+01,-3.066268750571665436e+01,-3.134249308258802813e+01,-3.231991013773500754e+01,-3.340929295136277233e+01,-3.494287761225504596e+01,-3.718233019247755067e+01,-3.892172444486865857e+01,-4.061865998913614817e+01,-4.240259876300777364e+01,-4.285199718564012983e+01,-4.481335778751446242e+01,-4.481335778751446242e+01
-3.885834131665936297e+01,-3.731259450307915415e+01,-3.528830953632882483e+01,-3.247627996899508673e+01,-3.013371688143401173e+01,-2.921986799575577010e+01,-2.834344245530996176e+01,-2.772214397559395138e+01,-2.659561334742508620e+01,-2.632748830141142804e+01,-2.662939277058437426e+01,-2.771489364135799605e+01,-2.884971176497365519e+01,-3.077374678635250405e+01,-3.250532579357820140e+01,-3.449428083449694782e+01,-3.614123648481790951e+01,-3.829818237871904785e+01,-4.071407178951523065e+01,-4.254729215423823518e+01,-4.434383939302686883e+01
-3.685293051971113698e+01,-3.405632112952370960e+01,-3.229898980198907310e+01,-2.899984000200042544e+01,-2.769080052934808123e+01,-2.549690742780641273e+01,-2.465535875938256538e+01,-2.397312234454713575e+01,-2.374814354113530612e+01,-2.404829847636040085e+01,-2.449690434727781962e+01,-2.535980875538341195e+01,-2.655099801428189465e+01,-2.790269188088154095e+01,-2.965093341700550411e+01,-3.167847213420409958e+01,-3.387281886041211010e+01,-3.619208610599916653e+01,-3.846736088828984634e+01,-4.021332450010389437e+01,-4.247406359880994842e+01
-3.313965235598190873e+01,-3.059178809028531987e+01,-2.854650833142053301e+01,-2.638406909268922362e+01,-2.479873688061667281e+01,-2.334986724738818964e+01,-2.210823674163577834e+01,-2.163254715652293925e+01,-2.112944938027861497e+01,-2.098536310032990571e+01,-2.131820118156589672e+01,-2.186513958414786885e+01,-2.302429412298038613e+01,-2.430856958020650893e+01,-2.698234961675116494e+01,-2.839969316174165215e+01,-2.978128502788703003e+01,-3.192636907511691646e+01,-3.468259101268023414e+01,-3.792731781709262862e+01,-4.047918458194368441e+01
-3.009588553746633011e+01,-2.741367065173272977e+01,-2.499333612535976101e+01,-2.306803286221780525e+01,-2.157394899237507957e+01,-2.043306915129301160e+01,-1.959590436670089275e+01,-1.908368116340459153e+01,-1.874128839135824620e+01,-1.888830747608170668e+01,-1.933329688444207761e+01,-2.000662675062929452e+01,-2.118554074365286510e+01,-2.270920577846431598e+01,-2.429645145676884965e+01,-2.590271740116669719e+01,-2.698847378807487019e+01,-3.136484788318318806e+01,-3.385290021461167953e+01,-3.620908114899619079e+01,-3.808239869195324445e+01
-2.826314106862447773e+01,-2.638764374205928220e+01,-2.436186680200634669e+01,-2.230132330168429888e+01,-2.082359306089450968e+01,-1.935582290649780646e+01,-1.836567678532852455e+01,-1.761743511659935280e+01,-1.733349993487787799e+01,-1.724623318715097042e+01,-1.733438586306703399e+01,-1.793444498204502224e+01,-1.880329061559514514e+01,-2.010570316170494465e+01,-2.177984542010793945e+01,-2.365882732411441225e+01,-2.563852182474946062e+01,-2.764058819717785553e+01,-3.021469282973581016e+01,-3.311446333008548493e+01,-3.683322573825938662e+01
-2.670348564913303591e+01,-2.382449088602710674e+01,-2.184069082642396609e+01,-2.018270223275472119e+01,-1.865786827880775434e+01,-1.757648588591463579e+01,-1.671869953975706835e+01,-1.622822424341968883e+01,-1.597039317513849710e+01,-1.584173196635148884e+01,-1.652396928747287319e+01,-1.729491388726114565e+01,-1.848355048520324573e+01,-1.975966789525603673e+01,-2.193741678330376033e+01,-2.382150371381812448e+01,-2.616036765242704121e+01,-2.876880845578165236e+01,-3.127606851865223092e+01,-3.380346172099120849e+01,-3.633051877595462997e+01
-2.584416668702886710e+01,-2.410374199970355136e+01,-2.219826762401079634e+01,-2.033250732754382994e+01,-1.878252310742972497e+01,-1.755149906552723849e+01,-1.640950380515477036e+01,-1.543089176954610764e+01,-1.522696204587980162e+01,-1.511164960936856261e+01,-1.527219391155821171e+01,-1.568878064664254879e+01,-1.660149181511247463e+01,-1.790832528351617725e+01,-1.933575845949373218e+01,-2.135718262522082966e+01,-2.509263831653507282e+01,-2.674581854194320840e+01,-2.934473915358184115e+01,-3.171475953073084497e+01,-3.422620926596339075e+01
-2.509794969427171907e+01,-2.262375073642571977e+01,-2.059897426232641493e+01,-1.891914681522003860e+01,-1.770605202806363820e+01,-1.692116346736271737e+01,-1.555145171454973507e+01,-1.507502384800580586e+01,-1.478769722935940223e+01,-1.489588242546577845e+01,-1.539276014910478096e+01,-1.612975590042126584e+01,-1.731493366255392630e+01,-1.876555318023201124e+01,-2.050234760499280640e+01,-2.247073307958653743e+01,-2.436632063087535727e+01,-2.580506969576182996e+01,-2.969648404497937122e+01,-3.182547717061281389e+01,-3.458741536187466181e+01
-2.635568655440764729e+01,-2.413867516413714043e+01,-2.186451818975555739e+01,-1.913870549489709560e+01,-1.801842278507884743e+01,-1.694479226835197494e+01,-1.578601081256621086e+01,-1.504746031265094075e+01,-1.473368796007483184e+01,-1.464513573866823748e+01,-1.490448188777924798e+01,-1.538624798499239432e+01,-1.626304792284736322e+01,-1.757484767677340898e+01,-1.933926888776582587e+01,-2.092721917092535477e+01,-2.279324888127721493e+01,-2.539227964176966168e+01,-2.828514234788634951e+01,-3.064366264911625137e+01,-3.368714481735192834e+01
-2.469981657821287513e+01,-2.241329072261281397e+01,-2.044257575815822747e+01,-1.867231250619332883e+01,-1.730700237889265480e+01,-1.635294213503069471e+01,-1.564066990807813795e+01,-1.519030080855182518e+01,-1.484925893657457152e+01,-1.495004342585949075e+01,-1.530275162331501804e+01,-1.597978658586224299e+01,-1.669588235456493663e+01,-1.849598148665697295e+01,-2.048538168286288652e+01,-2.257535174962694668e+01,-2.484843735953020172e+01,-2.750716870612098575e+01,-3.029278088021833071e+01,-3.270666613875940243e+01,-3.490468312271163143e+01
-2.631345753707486779e+01,-2.453394129465653606e+01,-2.261253731925446431e+01,-2.073593449147294621e+01,-1.914744232463456797e+01,-1.773073606054406781e+01,-1.603954988091886236e+01,-1.578523490182725197e+01,-1.538031051725607057e+01,-1.529443485222920174e+01,-1.565449165259114039e+01,-1.613580268692687270e+01,-1.695472686871801926e+01,-1.886398148060426649e+01,-1.985677162131609919e+01,-2.170647981999140086e+01,-2.371721487280076701e+01,-2.614514841488191621e+01,-2.933773399795244075e+01,-3.234087756575161166e+01,-3.491731197209631432e+01
-2.620281400125279703e+01,-2.419957444584088790e+01,-2.201873651680121213e+01,-2.037691731468220269e+01,-1.936005855138297704e+01,-1.776778336436436234e+01,-1.725275136873680992e+01,-1.657369816846476596e+01,-1.633319660365117443e+01,-1.650434515885641673e+01,-1.705430709444546267e+01,-1.796277015189637183e+01,-1.905231080730746385e+01,-2.046165162981017716e+01,-2.222005573012513224e+01,-2.366358472838966520e+01,-2.492283401440239743e+01,-2.923356658301119637e+01,-3.183173578846263752e+01,-3.441435130867330372e+01,-3.662130531998647598e+01
-3.407719724721296473e+01,-2.940499162177598436e+01,-2.591390124599093525e+01,-2.955382089736960438e+01,-1.906087029098309671e+01,-1.797995437720377510e+01,-1.771281356628510650e+01,-1.802491089142250758e+01,-1.789116882770484551e+01,-1.850119210238645451e+01,-1.909695620623283219e+01,-2.015419610319226962e+01,-2.080335745903576594e+01,-2.217119833639935678e+01,-2.382644280199907882e+01,-2.586938646566147071e+01,-2.712563341538693606e+01,-2.959093302456304286e+01,-3.166644340151538728e+01,-3.439179432478607623e+01,-3.650996635464983342e+01
-2.876576327542927913e+01,-2.667864730643703552e+01,-2.485222172855768008e+01,-2.334893795230517810e+01,-2.237988607576025402e+01,-2.171497914885342340e+01,-2.067431537631328098e+01,-1.991898675473139235e+01,-1.974729582841067099e+01,-1.934595033429437905e+01,-2.040602648116758644e+01,-2.074078117328316040e+01,-2.155634174332143260e+01,-2.308632383677814204e+01,-2.514985135879232558e+01,-2.672650351944228930e+01,-2.933420854487082607e+01,-3.180685105579375715e+01,-3.448273385404618807e+01,-3.726873749605201169e+01,-3.984291612072662758e+01
-3.235493041687927729e+01,-3.069620141790309020e+01,-2.822488400756702731e+01,-2.665202025887923298e+01,-2.515254145277691578e+01,-2.384423341673737440e+01,-2.285914182287424268e+01,-2.203439724436633185e+01,-2.142710719657742402e+01,-2.130216183600871460e+01,-2.121196783088056037e+01,-2.202917072457381664e+01,-2.319852884778341462e+01,-2.487227978793627869e+01,-2.660312290885165964e+01,-2.861143339354004667e+01,-3.080813222548342623e+01,-3.229207440134067753e+01,-3.563356027677052396e+01,-3.768055514213563129e+01,-4.061865998913614817e+01
