-5.361446334716411855e+01,-5.464883817162390756e+01,-5.211125851819744526e+01,-5.163853821498409502e+01,-5.175926325518048543e+01,-5.120199182028953544e+01,-5.058632785221924166e+01,-4.936484079715438611e+01,-5.283159612473612299e+01,-5.272108259483410109e+01,-5.276495112296153422e+01,-5.257797418391012911e+01,-5.356117497967662189e+01,-4.914543683091692117e+01,-1.921327320652291348e+01,-5.200509923678939117e+01,-5.031467039269662678e+01,-5.202984544205791906e+01,-4.964221785789320052e+01,-5.300670799898821883e+01,-3.320427463403944301e+01
-5.061310870260876982e+01,-5.159903094920400690e+01,-5.174761995754103339e+01,-5.181204787111485643e+01,-5.363237243433391654e+01,-5.461495284491896030e+01,-5.274296146907424543e+01,-5.335432886887429049e+01,-5.490575374811743359e+01,-5.260622109500799581e+01,-5.012652838092816410e+01,-4.944963322324493049e+01,-5.047648518793616290e+01,-5.127437595227877409e+01,-4.982502882617862383e+01,-5.085239891485473152e+01,-4.579883001163440781e+01,-5.384381646278889377e+01,-5.306930973749743430e+01,-5.285404034738689916e+01,-5.263465293002249723e+01
-5.213026488259541225e+01,-5.396804564451046815e+01,-5.396804564451046815e+01,-5.201745471388753117e+01,-5.112071791928569553e+01,-5.212392018119373915e+01,-5.061310870260876982e+01,-4.919360309950231169e+01,-4.969988439573245387e+01,-5.254292195768584861e+01,-4.885518198187411087e+01,-5.125876318267523857e+01,-5.162156250342063402e+01,-4.962435297338268470e+01,-5.136392443269095054e+01,-5.214935479176928368e+01,-5.234501614184790697e+01,-2.360402927760396352e+01,-4.762975576619211893e+01,-5.099669614836827236e+01,-5.155987983897099980e+01
-4.737389257428380063e+01,-5.451485487814400699e+01,-5.263465293002249723e+01,-5.415625296913873399e+01,-5.348244870147928509e+01,-5.451485487814400699e+01,-5.279444493668674454e+01,-4.653806071953475509e+01,-5.115608825008131078e+01,-4.963506308312246063e+01,-4.851077856353434470e+01,-4.770702636333149371e+01,-5.202984544205791906e+01,-4.637980512748738704e+01,-5.013454120092080757e+01,-5.193776537253444303e+01,-5.313282746469104723e+01,-5.194384367615967335e+01,-4.757825311544236513e+01,-3.672528715719711556e+01,-4.993469549421817533e+01
-5.192563422714317767e+01,-5.199277881075695973e+01,-5.435298744015287298e+01,-5.219422697182955062e+01,-5.247365498340585077e+01,-4.687110717009088035e+01,-5.062207247769410401e+01,-5.207349352095346262e+01,-5.054646369970672026e+01,-5.426906313931505110e+01,-5.441701212862442105e+01,-5.303007817658880185e+01,-5.447109685293520442e+01,-5.414614132935054158e+01,-5.242581715850512580e+01,-5.249431932315823701e+01,-5.237850086807094385e+01,-5.004720293943464071e+01,-5.187145984377710306e+01,-5.215573678755673370e+01,-5.106571151867365188e+01
nan,nan,-2.590040632646889094e+02,nan,2.076814229614471685e+02,nan,nan,3.316072322600722373e+02,-5.393906034971769259e+01,-5.064907534705776015e+01,-5.299119745567269035e+01,-5.030631856838243721e+01,-5.228538663600801328e+01,-4.958177471779742973e+01,-5.497854227697020235e+01,-5.097231120368435597e+01,-4.901644448758526096e+01,-5.237178323721104789e+01,-5.203605408826618373e+01,-5.229856706322470927e+01,-5.311686072907690459e+01
nan,nan,2.757989668849389204e+02,nan,9.883133489169713926e+01,nan,nan,1.199783763438649800e+02,1.594723138170479615e+00,nan,nan,nan,nan,nan,4.113202514292702858e+02,nan,-1.977114239955173218e+02,2.518225271894536377e+01,-2.756960952269916447e+02,nan,-1.488376878267446841e+02
-6.603139123805010513e+01,3.916284525968547428e+02,nan,-9.145577015940017418e+01,nan,nan,1.856716749664978465e+02,nan,3.266976950833686146e+02,3.620026212632403428e+00,-3.158628445848450497e+02,nan,nan,2.929889715888527135e+01,-2.040907832734712315e+02,nan,nan,nan,nan,nan,nan
nan,nan,nan,nan,8.035430144710011291e+01,nan,-2.663930152702419605e+02,nan,4.053492854269538270e+02,-2.491449896909225004e+02,-9.311679674064508561e+01,-1.946079894785223985e+02,nan,nan,-1.088674472803452318e+02,-1.872178663689262805e+02,nan,-2.470484691535581590e+01,nan,nan,nan
nan,nan,nan,nan,nan,-1.222757759470239591e+02,nan,nan,nan,nan,-1.239673176339289000e+02,-2.885733208154061344e+02,2.499267284119433725e+02,nan,-3.243206600639933157e+01,-1.552444000865750979e+02,-2.924075466627933793e+02,1.508749531352642634e+02,-2.693975798958967403e+02,nan,nan
nan,9.142069376723756591e+01,nan,6.690761214205377883e+01,nan,1.166715682188961267e+02,nan,3.708416115988494539e+02,-1.370327365667455410e+02,3.912884279457098273e+02,nan,nan,nan,nan,nan,-1.950701284685408154e+02,nan,nan,1.447061511144569295e+02,nan,-2.278193973469162756e+02
nan,1.443862276595749563e+02,nan,-4.926030326565152961e+01,1.292317400181384528e+02,nan,1.582094758111062447e+02,nan,nan,3.564135941794381210e+02,nan,nan,nan,nan,2.339355933089370296e+02,nan,nan,2.586732119931064631e+02,3.663064582750778300e+02,2.826679459552298113e+02,-1.601590958777556466e+02
nan,1.468736506831401130e+02,nan,nan,nan,-3.240425868731239234e+02,nan,1.329842662415787302e+01,9.299066542966045290e+01,2.309545178407005324e+02,nan,nan,-3.188114446280022207e+01,nan,2.199079596279430859e+01,2.664830641548771268e+02,-1.587507726084079422e+02,-1.429424673719439625e+02,nan,3.761396688993290240e+02,nan
nan,nan,nan,nan,nan,-9.218760669429929067e+01,nan,3.736611552191056376e+02,-2.785541410190252236e+02,1.944623904039316358e+02,-1.034916650999442709e+02,nan,3.374555057938053437e+02,-3.434581090180495835e+02,nan,nan,3.152760701294255909e+02,-1.379861353748882635e+00,-6.826987074577345993e+01,nan,2.947234778066814442e+02
1.910771279580940529e+02,nan,-2.240663379089951945e+02,-1.185538648594110782e+02,-3.842992943529630168e+01,1.564375090757704072e+02,nan,-2.244099724368190607e+02,nan,1.189096333637250780e+01,-1.626698846894412043e+01,7.630956714229733961e+01,-6.223840632942192030e+01,2.722738861153937364e+02,-9.281672202908255542e+01,nan,8.402151666240858674e+01,1.687520362720623268e+02,3.120405854251353617e+02,-2.962272799949056434e+02,nan
-1.722848047032113641e+02,-3.213495336929012183e+02,3.514621633012600341e+02,nan,3.588932996056897764e+02,nan,3.167597423934524841e+02,nan,nan,nan,nan,nan,nan,nan,-1.355162834364175239e+02,3.759510362138383357e+02,1.926734935676291229e+02,nan,nan,nan,-1.713931248893062786e+02
1.369038218167121386e+02,nan,nan,-2.044272883791336426e+01,nan,1.314594347044829874e+02,nan,nan,nan,nan,4.144031535702519022e+02,nan,nan,3.710063761656160750e+02,1.232395155742043045e+02,nan,-8.581033768775625958e+01,nan,nan,nan,nan
-1.970095254611495079e+02,-2.420984991255082264e+01,nan,-1.512461182662523811e+02,nan,-3.185193401539027036e+02,3.889290807888141330e+02,nan,4.175207282654528740e+01,5.191862057237999295e+01,nan,-4.328357315757862978e+00,6.519081690871919932e+01,nan,-1.060748056560566397e+02,-2.863362661624325369e+02,1.401857177986759666e+02,nan,2.384113742228075523e+02,-2.220221694981415794e+02,nan
nan,4.566576732386145920e+00,nan,nan,-2.345213313587721160e+01,-3.198618393219363156e+02,nan,nan,nan,-1.349200682876170561e+02,-2.188165302703580295e+01,3.898768222331003130e+01,nan,2.900350042930075389e+01,nan,nan,3.914935666413153825e+01,3.729030217090299857e+02,5.909512774933173063e+00,-7.812299560933186626e+01,3.508874758543973371e+02
-3.669991014711624189e+01,nan,nan,nan,nan,nan,nan,nan,-2.454526619408611623e+02,nan,3.064739893058524558e+02,nan,-1.965391945048774573e+02,nan,3.418346953833566886e+02,-3.916307848957920612e-01,4.034616952130594427e+02,1.311363678242280741e+02,-2.083062639069145803e+02,-3.776711906440314692e+01,nan
-1.456753535938549078e+02,nan,2.635705010853810677e+02,2.032963689781564938e+02,nan,7.764497552981931960e+01,2.498224939025246272e+02,nan,-3.133989254748584585e+02,1.803004918793627454e+01,nan,-3.043851572792303841e+02,-2.436069165698484085e+02,1.211992456263767508e+02,nan,nan,nan,5.356190357705524008e+01,4.480984787580204909e+01,-1.542470132378642518e+02,nan
