-5.213826987666293178e+01,-4.674063518287925945e+01,-4.783228125003515174e+01,-4.759162134184288107e+01,-4.674063518287925945e+01,-4.835992474773833294e+01,-4.835992474773833294e+01,-4.808909810049976841e+01,-4.929664776068857179e+01,-4.865105372510340942e+01,-4.736187840257355219e+01,-4.783228125003515174e+01,-4.865105372510340942e+01,-4.674063518287925945e+01,-5.005205658279736269e+01,-4.896062169149260512e+01,-4.637046797785978924e+01,-4.714531802034287011e+01,-4.637046797785978924e+01,-4.759162134184288107e+01,-4.736187840257355219e+01
-4.835992474773833294e+01,-4.808909810049976841e+01,-5.213826987666293178e+01,-4.571315678480763722e+01,-4.808909810049976841e+01,-4.637046797785978924e+01,-4.674063518287925945e+01,-4.736187840257355219e+01,-4.619592269017118724e+01,-4.783228125003515174e+01,-4.674063518287925945e+01,-4.896062169149260512e+01,-4.783228125003515174e+01,-4.619592269017118724e+01,-4.619592269017118724e+01,-4.693748407222111041e+01,-4.865105372510340942e+01,-4.929664776068857179e+01,-4.693748407222111041e+01,-4.808909810049976841e+01,-4.637046797785978924e+01
-4.674063518287925945e+01,-4.693748407222111041e+01,-4.865105372510340942e+01,-4.674063518287925945e+01,-5.005205658279736269e+01,-4.835992474773833294e+01,-4.759162134184288107e+01,-4.714531802034287011e+01,-4.674063518287925945e+01,-4.693748407222111041e+01,-4.759162134184288107e+01,-4.865105372510340942e+01,-4.714531802034287011e+01,-4.896062169149260512e+01,-4.637046797785978924e+01,-5.005205658279736269e+01,-4.929664776068857179e+01,-4.929664776068857179e+01,-4.929664776068857179e+01,-4.714531802034287011e+01,-4.865105372510340942e+01
-4.808909810049976841e+01,-4.896062169149260512e+01,-4.655089479530269614e+01,-5.005205658279736269e+01,-4.736187840257355219e+01,-4.619592269017118724e+01,-4.896062169149260512e+01,-4.571315678480763722e+01,-5.048906594422832939e+01,-4.736187840257355219e+01,-4.929664776068857179e+01,-4.835992474773833294e+01,-4.674063518287925945e+01,-4.965794842392662645e+01,-4.674063518287925945e+01,-4.808909810049976841e+01,-4.835992474773833294e+01,-4.693748407222111041e+01,-4.619592269017118724e+01,-4.865105372510340942e+01,-4.783228125003515174e+01
-4.808909810049976841e+01,-4.783228125003515174e+01,-4.637046797785978924e+01,-4.674063518287925945e+01,-4.965794842392662645e+01,-4.714531802034287011e+01,-4.929664776068857179e+01,-4.929664776068857179e+01,-4.602938860366484164e+01,-4.896062169149260512e+01,-4.759162134184288107e+01,-4.655089479530269614e+01,-5.097106696191367803e+01,-4.783228125003515174e+01,-4.714531802034287011e+01,-4.602938860366484164e+01,-4.896062169149260512e+01,-5.373928551756338834e+01,-4.896062169149260512e+01,-4.896062169149260512e+01,-4.865105372510340942e+01
-4.865105372510340942e+01,-4.929664776068857179e+01,-4.714531802034287011e+01,-4.736187840257355219e+01,-4.637046797785978924e+01,-5.373928551756338834e+01,-4.759162134184288107e+01,-4.736187840257355219e+01,-4.896062169149260512e+01,-4.693748407222111041e+01,-4.674063518287925945e+01,-4.929664776068857179e+01,-4.736187840257355219e+01,-4.693748407222111041e+01,-4.736187840257355219e+01,-4.929664776068857179e+01,-4.783228125003515174e+01,-4.783228125003515174e+01,-4.929664776068857179e+01,-4.736187840257355219e+01,-4.835992474773833294e+01
-4.674063518287925945e+01,-4.655089479530269614e+01,-5.213826987666293178e+01,-5.213826987666293178e+01,-4.929664776068857179e+01,-4.759162134184288107e+01,-4.783228125003515174e+01,-4.865105372510340942e+01,-4.896062169149260512e+01,-4.808909810049976841e+01,-4.387597188513487367e+01,-3.771869591507608277e+01,-4.368064216233358366e+01,-4.693748407222111041e+01,-5.048906594422832939e+01,-4.835992474773833294e+01,-4.835992474773833294e+01,-4.674063518287925945e+01,-4.736187840257355219e+01,-5.151782971384953669e+01,-4.759162134184288107e+01
-4.527766189378789363e+01,-5.005205658279736269e+01,-4.759162134184288107e+01,-4.808909810049976841e+01,-5.151782971384953669e+01,-4.693748407222111041e+01,-4.693748407222111041e+01,-4.783228125003515174e+01,-4.736187840257355219e+01,-4.655089479530269614e+01,-3.900460036363580230e+01,-3.126912183069511286e+01,-3.923872564186841316e+01,-4.835992474773833294e+01,-4.865105372510340942e+01,-4.783228125003515174e+01,-4.655089479530269614e+01,-4.783228125003515174e+01,-5.048906594422832939e+01,-4.759162134184288107e+01,-4.736187840257355219e+01
-4.865105372510340942e+01,-4.759162134184288107e+01,-4.865105372510340942e+01,-4.714531802034287011e+01,-4.896062169149260512e+01,-5.213826987666293178e+01,-4.693748407222111041e+01,-4.896062169149260512e+01,-5.005205658279736269e+01,-4.714531802034287011e+01,-4.501015039656698491e+01,-4.104279712234711042e+01,-4.452094610604973468e+01,-4.896062169149260512e+01,-4.808909810049976841e+01,-4.714531802034287011e+01,-4.674063518287925945e+01,-4.693748407222111041e+01,-4.808909810049976841e+01,-5.005205658279736269e+01,-4.556270777420243689e+01
-4.736187840257355219e+01,-4.965794842392662645e+01,-4.783228125003515174e+01,-4.693748407222111041e+01,-4.808909810049976841e+01,-4.736187840257355219e+01,-4.896062169149260512e+01,-4.808909810049976841e+01,-4.736187840257355219e+01,-4.929664776068857179e+01,-4.693748407222111041e+01,-4.929664776068857179e+01,-4.835992474773833294e+01,-4.808909810049976841e+01,-5.048906594422832939e+01,-4.835992474773833294e+01,-4.655089479530269614e+01,-4.714531802034287011e+01,-4.736187840257355219e+01,-4.865105372510340942e+01,-4.674063518287925945e+01
-4.736187840257355219e+01,-4.637046797785978924e+01,-4.736187840257355219e+01,-5.048906594422832939e+01,-4.865105372510340942e+01,-4.783228125003515174e+01,-4.556270777420243689e+01,-4.714531802034287011e+01,-4.929664776068857179e+01,-4.783228125003515174e+01,-4.655089479530269614e+01,-4.655089479530269614e+01,-4.674063518287925945e+01,-4.674063518287925945e+01,-5.097106696191367803e+01,-4.714531802034287011e+01,-4.929664776068857179e+01,-4.759162134184288107e+01,-4.835992474773833294e+01,-5.005205658279736269e+01,-4.808909810049976841e+01
-4.655089479530269614e+01,-4.965794842392662645e+01,-4.693748407222111041e+01,-4.896062169149260512e+01,-5.005205658279736269e+01,-4.602938860366484164e+01,-4.759162134184288107e+01,-4.714531802034287011e+01,-4.896062169149260512e+01,-4.674063518287925945e+01,-4.759162134184288107e+01,-4.865105372510340942e+01,-5.483929976951300489e+01,-4.637046797785978924e+01,-4.714531802034287011e+01,-4.965794842392662645e+01,-4.835992474773833294e+01,-4.714531802034287011e+01,-4.714531802034287011e+01,-4.655089479530269614e+01,-4.759162134184288107e+01
-4.619592269017118724e+01,-4.783228125003515174e+01,-5.151782971384953669e+01,-4.674063518287925945e+01,-4.637046797785978924e+01,-4.637046797785978924e+01,-4.965794842392662645e+01,-4.736187840257355219e+01,-4.714531802034287011e+01,-4.571315678480763722e+01,-4.929664776068857179e+01,-5.097106696191367803e+01,-4.674063518287925945e+01,-4.808909810049976841e+01,-4.586778485105962488e+01,-4.714531802034287011e+01,-5.048906594422832939e+01,-4.736187840257355219e+01,-4.714531802034287011e+01,-4.865105372510340942e+01,-4.965794842392662645e+01
-4.586778485105962488e+01,-4.929664776068857179e+01,-5.005205658279736269e+01,-4.835992474773833294e+01,-5.151782971384953669e+01,-4.929664776068857179e+01,-4.783228125003515174e+01,-4.736187840257355219e+01,-4.759162134184288107e+01,-4.736187840257355219e+01,-5.097106696191367803e+01,-4.783228125003515174e+01,-4.736187840257355219e+01,-4.714531802034287011e+01,-4.736187840257355219e+01,-4.637046797785978924e+01,-4.693748407222111041e+01,-4.929664776068857179e+01,-4.865105372510340942e+01,-5.151782971384953669e+01,-4.736187840257355219e+01
-4.674063518287925945e+01,-4.602938860366484164e+01,-4.759162134184288107e+01,-4.783228125003515174e+01,-4.783228125003515174e+01,-4.896062169149260512e+01,-4.655089479530269614e+01,-4.835992474773833294e+01,-4.693748407222111041e+01,-4.835992474773833294e+01,-4.736187840257355219e+01,-4.674063518287925945e+01,-4.736187840257355219e+01,-4.783228125003515174e+01,-4.865105372510340942e+01,-4.637046797785978924e+01,-4.783228125003515174e+01,-4.808909810049976841e+01,-4.655089479530269614e+01,-5.048906594422832939e+01,-4.759162134184288107e+01
-4.783228125003515174e+01,-4.929664776068857179e+01,-4.674063518287925945e+01,-4.655089479530269614e+01,-4.865105372510340942e+01,-4.808909810049976841e+01,-5.005205658279736269e+01,-4.714531802034287011e+01,-4.571315678480763722e+01,-4.602938860366484164e+01,-4.637046797785978924e+01,-4.835992474773833294e+01,-4.693748407222111041e+01,-4.783228125003515174e+01,-4.759162134184288107e+01,-4.865105372510340942e+01,-4.759162134184288107e+01,-4.655089479530269614e+01,-5.048906594422832939e+01,-4.808909810049976841e+01,-4.674063518287925945e+01
-5.005205658279736269e+01,-4.929664776068857179e+01,-4.808909810049976841e+01,-4.835992474773833294e+01,-4.736187840257355219e+01,-4.808909810049976841e+01,-4.655089479530269614e+01,-4.929664776068857179e+01,-4.736187840257355219e+01,-4.783228125003515174e+01,-3.982618627206532835e+01,-3.049789851691994613e+01,-3.890818712895030274e+01,-4.714531802034287011e+01,-4.693748407222111041e+01,-4.896062169149260512e+01,-4.808909810049976841e+01,-4.929664776068857179e+01,-4.693748407222111041e+01,-4.602938860366484164e+01,-4.896062169149260512e+01
-5.483929976951300489e+01,-4.759162134184288107e+01,-4.637046797785978924e+01,-4.693748407222111041e+01,-4.896062169149260512e+01,-5.005205658279736269e+01,-4.693748407222111041e+01,-4.736187840257355219e+01,-5.097106696191367803e+01,-4.693748407222111041e+01,-3.198865813110023737e+01,-2.252891145797160277e+01,-2.965402533712673261e+01,-4.693748407222111041e+01,-4.896062169149260512e+01,-5.005205658279736269e+01,-4.541839677644351525e+01,-4.835992474773833294e+01,-4.693748407222111041e+01,-4.835992474773833294e+01,-5.048906594422832939e+01
-4.655089479530269614e+01,-4.736187840257355219e+01,-4.783228125003515174e+01,-4.693748407222111041e+01,-4.619592269017118724e+01,-4.759162134184288107e+01,-4.865105372510340942e+01,-4.896062169149260512e+01,-4.835992474773833294e+01,-4.808909810049976841e+01,-3.941378070223956342e+01,-3.173737605362973824e+01,-3.746042441629241182e+01,-4.736187840257355219e+01,-4.619592269017118724e+01,-4.759162134184288107e+01,-4.759162134184288107e+01,-4.965794842392662645e+01,-4.835992474773833294e+01,-4.835992474773833294e+01,-4.929664776068857179e+01
-4.759162134184288107e+01,-4.714531802034287011e+01,-4.965794842392662645e+01,-4.602938860366484164e+01,-4.759162134184288107e+01,-5.048906594422832939e+01,-4.783228125003515174e+01,-4.693748407222111041e+01,-5.097106696191367803e+01,-4.714531802034287011e+01,-4.808909810049976841e+01,-4.865105372510340942e+01,-4.714531802034287011e+01,-4.808909810049976841e+01,-4.929664776068857179e+01,-4.655089479530269614e+01,-4.865105372510340942e+01,-4.674063518287925945e+01,-4.736187840257355219e+01,-5.151782971384953669e+01,-4.714531802034287011e+01
-4.783228125003515174e+01,-4.759162134184288107e+01,-4.865105372510340942e+01,-4.736187840257355219e+01,-4.693748407222111041e+01,-4.736187840257355219e+01,-4.736187840257355219e+01,-4.865105372510340942e+01,-4.637046797785978924e+01,-4.808909810049976841e+01,-4.965794842392662645e+01,-4.896062169149260512e+01,-4.759162134184288107e+01,-4.929664776068857179e+01,-4.865105372510340942e+01,-4.736187840257355219e+01,-4.714531802034287011e+01,-4.808909810049976841e+01,-4.835992474773833294e+01,-5.151782971384953669e+01,-4.808909810049976841e+01
